[ikvasilev@sms results]$ cat all_experiments_h20.csv
Experiment,Recipient_Size,Donor_R,Donor_Size,rmse_01,np_01,mape_01,rmse_03,np_03,mape_03
EXP1_CLEAR,10000,None,0,0.058091,0.376000,0.090731,0.074004,0.165000,0.108165
EXP1_CLEAR,11304,None,0,0.098060,0.285000,0.112521,0.123606,0.103000,0.158057
EXP1_CLEAR,12608,None,0,0.081058,0.254000,0.112342,0.100257,0.100000,0.145043
EXP1_CLEAR,13913,None,0,0.076684,0.278000,0.083497,0.088739,0.088000,0.111994
EXP1_CLEAR,15217,None,0,0.064746,0.310000,0.073829,0.091487,0.129000,0.103981
EXP1_CLEAR,16521,None,0,0.050698,0.270000,0.077998,0.071384,0.116000,0.095631
EXP1_CLEAR,17826,None,0,0.068812,0.253000,0.075281,0.108525,0.097000,0.142046
EXP1_CLEAR,19130,None,0,0.068510,0.244000,0.088617,0.092541,0.088000,0.111492
EXP2_MIX,909,27.9000,9091,0.204722,0.559000,0.404620,0.258241,0.314000,0.566342
EXP1_CLEAR,20434,None,0,0.051016,0.235000,0.057351,0.080391,0.096000,0.090698
EXP2_MIX,1818,27.9000,8182,0.217049,0.457000,0.397360,0.233742,0.213000,0.479854
EXP2_MIX,0,27.9000,10000,0.103798,0.344000,0.137680,0.125265,0.169000,0.180186
EXP2_MIX,3636,27.9000,6364,0.088959,0.322000,0.137124,0.124322,0.143000,0.228218
EXP2_MIX,2727,27.9000,7273,0.210111,0.451000,0.368821,0.220795,0.220000,0.428661
EXP2_MIX,7272,27.9000,2728,0.086977,0.322000,0.095269,0.115293,0.150000,0.133715
EXP2_MIX,4545,27.9000,5455,0.096814,0.364000,0.125008,0.116030,0.155000,0.161020
EXP2_MIX,5454,27.9000,4546,0.086914,0.356000,0.116471,0.098315,0.159000,0.133387
EXP2_MIX,6363,27.9000,3637,0.078787,0.327000,0.106295,0.107305,0.132000,0.153834
EXP1_CLEAR,21739,None,0,0.077432,0.186000,0.090555,0.100952,0.057000,0.125628
EXP2_MIX,8181,27.9000,1819,0.093355,0.276000,0.115795,0.108388,0.124000,0.177898
EXP1_CLEAR,23043,None,0,0.057695,0.181000,0.075459,0.095171,0.059000,0.122225
EXP2_MIX,9090,27.9000,910,0.096523,0.380000,0.135277,0.103893,0.175000,0.166368
EXP1_CLEAR,24347,None,0,0.052893,0.164000,0.066818,0.080348,0.068000,0.089277
EXP2_MIX,909,28.0001,9091,0.137917,0.407000,0.162487,0.155815,0.195000,0.216384
EXP2_MIX,10000,None,0,0.058091,0.376000,0.090731,0.074004,0.165000,0.108165
EXP2_MIX,0,28.0001,10000,0.136335,0.367000,0.170646,0.164095,0.166000,0.252838
EXP1_CLEAR,25652,None,0,0.047424,0.121000,0.072937,0.060428,0.040000,0.086519
EXP1_CLEAR,26956,None,0,0.058765,0.135000,0.071534,0.061914,0.045000,0.082359
EXP2_MIX,1818,28.0001,8182,0.089943,0.372000,0.160367,0.098003,0.167000,0.147992
EXP2_MIX,4545,28.0001,5455,0.113543,0.460000,0.161099,0.120899,0.226000,0.189776
EXP2_MIX,2727,28.0001,7273,0.097900,0.309000,0.133646,0.110039,0.121000,0.156467
EXP2_MIX,3636,28.0001,6364,0.203720,0.400000,0.337945,0.204392,0.195000,0.377716
EXP2_MIX,6363,28.0001,3637,0.108975,0.486000,0.129849,0.128374,0.205000,0.177618
EXP2_MIX,5454,28.0001,4546,0.123049,0.402000,0.205264,0.138193,0.190000,0.256266
EXP2_MIX,7272,28.0001,2728,0.123026,0.438000,0.177626,0.155654,0.222000,0.255975
EXP2_MIX,3636,28.0100,6364,0.192225,0.364000,0.341288,0.207607,0.185000,0.411528
EXP2_MIX,8181,28.0001,1819,0.129072,0.417000,0.178040,0.156961,0.182000,0.248241
EXP2_MIX,10000,None,0,0.058091,0.376000,0.090731,0.074004,0.165000,0.108165
EXP2_MIX,9090,28.0001,910,0.091495,0.454000,0.144176,0.102668,0.237000,0.157103
EXP2_MIX,0,28.0100,10000,0.178657,0.382000,0.263894,0.222041,0.148000,0.379108
EXP2_MIX,1818,28.0100,8182,0.273085,0.561000,0.580558,0.269527,0.352000,0.551238
EXP1_CLEAR,28260,None,0,0.054237,0.108000,0.072306,0.070497,0.042000,0.094049
EXP2_MIX,909,28.0100,9091,0.267166,0.551000,0.589969,0.273774,0.351000,0.581691
EXP2_MIX,2727,28.0100,7273,0.101061,0.336000,0.142226,0.111293,0.159000,0.169452
EXP3_HYBRID,10000,None,0,0.058091,0.376000,0.090731,0.074004,0.165000,0.108165
EXP1_CLEAR,29565,None,0,0.050559,0.097000,0.076109,0.063306,0.027000,0.089435
EXP1_CLEAR,30869,None,0,0.050782,0.134000,0.073502,0.085685,0.047000,0.111039
EXP3_HYBRID,10000,27.9000,1304,0.068917,0.328000,0.095855,0.098627,0.141000,0.140978
EXP3_HYBRID,10000,27.9000,2608,0.085079,0.278000,0.097983,0.106090,0.118000,0.123241
EXP1_CLEAR,32173,None,0,0.049277,0.098000,0.068957,0.063922,0.042000,0.086284
EXP3_HYBRID,10000,27.9000,3913,0.037343,0.240000,0.070342,0.049053,0.119000,0.083674
EXP3_HYBRID,10000,27.9000,5217,0.064892,0.254000,0.077288,0.087230,0.100000,0.105711
EXP1_CLEAR,33478,None,0,0.068786,0.124000,0.081199,0.084707,0.049000,0.107314
EXP3_HYBRID,10000,None,0,0.058091,0.376000,0.090731,0.074004,0.165000,0.108165
EXP3_HYBRID,10000,27.9000,6521,0.062006,0.228000,0.085586,0.099019,0.095000,0.134562
EXP3_HYBRID,10000,27.9900,1304,0.060405,0.376000,0.091798,0.075008,0.185000,0.113599
EXP3_HYBRID,10000,27.9000,7826,0.062172,0.188000,0.088112,0.081876,0.075000,0.123022
EXP3_HYBRID,10000,27.9900,2608,0.078175,0.288000,0.097979,0.098143,0.096000,0.115594
EXP1_CLEAR,34782,None,0,0.049057,0.083000,0.067306,0.066376,0.026000,0.088506
EXP3_HYBRID,10000,27.9900,3913,0.038831,0.239000,0.060566,0.056363,0.079000,0.082753
EXP3_HYBRID,10000,27.9000,9130,0.053328,0.209000,0.082628,0.075525,0.086000,0.102714
EXP3_HYBRID,10000,27.9900,5217,0.075639,0.271000,0.094714,0.106541,0.103000,0.125964
EXP1_CLEAR,36086,None,0,0.077288,0.131000,0.092900,0.088164,0.062000,0.109617
EXP3_HYBRID,10000,27.9900,6521,0.050103,0.235000,0.072329,0.058244,0.081000,0.082976
EXP3_HYBRID,10000,27.9000,13043,0.088808,0.186000,0.102066,0.103815,0.084000,0.145825
EXP3_HYBRID,10000,27.9000,11739,0.052981,0.195000,0.076666,0.083651,0.076000,0.099005
EXP3_HYBRID,10000,27.9000,14347,0.088596,0.182000,0.103744,0.101189,0.080000,0.118244
EXP3_HYBRID,10000,27.9000,10434,0.071081,0.216000,0.095722,0.092811,0.085000,0.116744
EXP1_CLEAR,37391,None,0,0.064299,0.086000,0.087647,0.077360,0.032000,0.104322
EXP3_HYBRID,10000,27.9900,7826,0.046069,0.193000,0.070632,0.080588,0.073000,0.086556
EXP3_HYBRID,10000,27.9900,9130,0.055175,0.172000,0.079235,0.081421,0.059000,0.098292
EXP3_HYBRID,10000,None,0,0.058091,0.376000,0.090731,0.074004,0.165000,0.108165
EXP1_CLEAR,38695,None,0,0.044880,0.084000,0.068802,0.050652,0.028000,0.075537
EXP3_HYBRID,10000,27.9900,10434,0.055827,0.188000,0.075491,0.090245,0.063000,0.103922
EXP3_HYBRID,10000,28.0001,1304,0.068532,0.399000,0.089962,0.078956,0.173000,0.120242
EXP1_CLEAR,40000,None,0,0.081308,0.089000,0.090306,0.088904,0.035000,0.104939
EXP3_HYBRID,10000,27.9900,11739,0.060786,0.153000,0.089850,0.097993,0.066000,0.126674
EXP3_HYBRID,10000,28.0001,2608,0.118485,0.367000,0.188458,0.137719,0.130000,0.209194
EXP3_HYBRID,10000,27.9000,15652,0.080532,0.167000,0.105573,0.117623,0.073000,0.149910
EXP3_HYBRID,10000,27.9900,13043,0.085554,0.149000,0.109361,0.105896,0.044000,0.136158
EXP3_HYBRID,10000,27.9000,16956,0.098422,0.145000,0.110197,0.115286,0.058000,0.142759
EXP3_HYBRID,10000,27.9000,18260,0.058971,0.142000,0.077711,0.089546,0.059000,0.100956
EXP3_HYBRID,10000,28.0001,3913,0.107264,0.359000,0.136043,0.128124,0.137000,0.196243
EXP3_HYBRID,10000,28.0001,5217,0.138304,0.322000,0.228721,0.141022,0.123000,0.227127
EXP3_HYBRID,10000,27.9000,19565,0.072820,0.166000,0.089618,0.095492,0.059000,0.123619
EXP3_HYBRID,10000,27.9900,14347,0.073641,0.137000,0.097361,0.095701,0.036000,0.127067
EXP3_HYBRID,10000,28.0001,6521,0.128585,0.311000,0.197257,0.143011,0.131000,0.228840
EXP3_HYBRID,10000,27.9900,15652,0.060556,0.154000,0.086005,0.072741,0.061000,0.098125
EXP3_HYBRID,10000,28.0001,7826,0.129690,0.258000,0.186900,0.150187,0.093000,0.238723
EXP3_HYBRID,10000,27.9900,16956,0.058771,0.148000,0.080939,0.078731,0.068000,0.091773
EXP3_HYBRID,10000,27.9000,22173,0.084165,0.138000,0.100953,0.107006,0.060000,0.124461
EXP3_HYBRID,10000,27.9000,20869,0.082612,0.135000,0.101865,0.110706,0.059000,0.127860
EXP3_HYBRID,10000,28.0001,9130,0.103011,0.269000,0.152027,0.139858,0.080000,0.217386
EXP3_HYBRID,10000,27.9900,18260,0.058611,0.131000,0.077075,0.077041,0.057000,0.093747
EXP3_HYBRID,10000,28.0001,10434,0.074584,0.239000,0.095870,0.107047,0.113000,0.128330
EXP3_HYBRID,10000,27.9000,23478,0.085987,0.120000,0.107179,0.092711,0.048000,0.116203
EXP3_HYBRID,10000,27.9900,19565,0.042683,0.131000,0.067628,0.067956,0.061000,0.096251
EXP3_HYBRID,10000,None,0,0.058091,0.376000,0.090731,0.074004,0.165000,0.108165
EXP3_HYBRID,10000,27.9000,24782,0.062571,0.109000,0.093765,0.076526,0.052000,0.109365
EXP3_HYBRID,10000,28.1000,1304,0.106254,0.526000,0.131761,0.100254,0.235000,0.151114
EXP3_HYBRID,10000,27.9900,20869,0.047521,0.128000,0.067395,0.072013,0.058000,0.086211
EXP3_HYBRID,10000,27.9000,26086,0.077689,0.097000,0.100993,0.090951,0.040000,0.121262
EXP3_HYBRID,10000,28.0001,11739,0.087146,0.219000,0.109050,0.122069,0.089000,0.153429
EXP3_HYBRID,10000,28.0001,13043,0.112961,0.185000,0.142148,0.123653,0.090000,0.149077
EXP3_HYBRID,10000,28.1000,2608,0.072405,0.277000,0.086101,0.076776,0.120000,0.114114
EXP3_HYBRID,10000,27.9900,22173,0.048982,0.141000,0.072507,0.067899,0.060000,0.093306
EXP3_HYBRID,10000,28.1000,3913,0.048167,0.312000,0.072722,0.103692,0.127000,0.115606
EXP3_HYBRID,10000,27.9000,28695,0.082573,0.111000,0.112747,0.113247,0.042000,0.160194
EXP3_HYBRID,10000,27.9900,23478,0.060303,0.124000,0.071985,0.068487,0.051000,0.089437
EXP3_HYBRID,10000,27.9000,27391,0.077608,0.110000,0.111179,0.099220,0.042000,0.132071
EXP3_HYBRID,10000,27.9000,30000,0.082119,0.108000,0.108359,0.098584,0.049000,0.130255
EXP3_HYBRID,10000,28.1000,5217,0.058821,0.268000,0.085774,0.091986,0.098000,0.123349
EXP3_HYBRID,10000,28.0100,10434,0.169928,0.222000,0.229563,0.188234,0.075000,0.287117
EXP3_HYBRID,10000,28.0100,11739,0.160170,0.236000,0.221622,0.169480,0.096000,0.252839
EXP3_HYBRID,10000,27.9900,24782,0.049896,0.155000,0.071990,0.081758,0.059000,0.100774
EXP3_HYBRID,10000,28.1000,6521,0.069191,0.260000,0.077321,0.097544,0.118000,0.128188
EXP3_HYBRID,10000,28.0100,13043,0.168445,0.213000,0.227204,0.189064,0.073000,0.287405
EXP3_HYBRID,10000,27.9900,26086,0.041292,0.152000,0.071548,0.069093,0.070000,0.096632
EXP3_HYBRID,10000,28.0100,14347,0.164400,0.202000,0.225347,0.191639,0.066000,0.290416
EXP3_HYBRID,10000,28.1000,7826,0.081341,0.246000,0.087519,0.114427,0.102000,0.144215
EXP3_HYBRID,10000,28.0100,15652,0.175104,0.157000,0.238912,0.192366,0.054000,0.305897
EXP3_HYBRID,10000,27.9900,27391,0.051979,0.133000,0.081201,0.073367,0.053000,0.100577
EXP3_HYBRID,10000,28.1000,9130,0.084956,0.236000,0.083169,0.105684,0.089000,0.121276
EXP3_HYBRID,10000,28.0100,16956,0.166905,0.195000,0.224376,0.190659,0.069000,0.290136
EXP3_HYBRID,10000,None,0,0.058091,0.376000,0.090731,0.074004,0.165000,0.108165
EXP3_HYBRID,10000,28.0100,18260,0.177774,0.174000,0.268141,0.195691,0.056000,0.306764
EXP3_HYBRID,10000,27.9900,28695,0.040395,0.132000,0.071136,0.059291,0.057000,0.090062
EXP3_HYBRID,10000,28.1000,10434,0.084170,0.222000,0.102898,0.127048,0.080000,0.161543
EXP3_HYBRID,10000,30.0000,1304,0.065815,0.454000,0.087912,0.076675,0.186000,0.103137
EXP3_HYBRID,10000,28.0100,19565,0.186931,0.160000,0.280117,0.198460,0.046000,0.316900
EXP3_HYBRID,10000,27.9900,30000,0.041501,0.129000,0.069687,0.062232,0.050000,0.087785
EXP3_HYBRID,10000,28.1000,11739,0.092935,0.223000,0.095154,0.126939,0.079000,0.165268
EXP3_HYBRID,10000,30.0000,2608,0.091081,0.529000,0.124075,0.093311,0.211000,0.134776
EXP3_HYBRID,10000,28.0100,20869,0.174022,0.147000,0.248340,0.200797,0.052000,0.322365
EXP3_HYBRID,10000,28.1000,13043,0.113862,0.180000,0.115096,0.129265,0.080000,0.151190
EXP3_HYBRID,10000,28.0100,22173,0.185125,0.121000,0.272131,0.203470,0.045000,0.320090
EXP3_HYBRID,10000,30.0000,3913,0.084093,0.542000,0.107335,0.089982,0.223000,0.132923
EXP3_HYBRID,10000,28.1000,14347,0.115635,0.166000,0.119786,0.129998,0.069000,0.144019
EXP3_HYBRID,10000,28.0100,23478,0.190728,0.123000,0.292089,0.204670,0.045000,0.324734
EXP3_HYBRID,10000,30.0000,5217,0.094524,0.473000,0.137443,0.095422,0.200000,0.153742
EXP3_HYBRID,10000,28.0100,24782,0.193088,0.135000,0.301195,0.205553,0.036000,0.318747
EXP3_HYBRID,10000,28.1000,15652,0.091993,0.194000,0.098753,0.117063,0.091000,0.131708
EXP3_HYBRID,10000,30.0000,6521,0.106747,0.502000,0.176163,0.114842,0.203000,0.188709
EXP3_HYBRID,10000,30.0000,7826,0.125986,0.467000,0.180213,0.141438,0.178000,0.208194
EXP3_HYBRID,10000,28.1000,16956,0.125223,0.161000,0.141265,0.137513,0.077000,0.170219
EXP3_HYBRID,10000,28.0100,26086,0.195493,0.125000,0.297169,0.203590,0.039000,0.310941
EXP3_HYBRID,10000,30.0000,9130,0.101026,0.424000,0.142378,0.124402,0.120000,0.199173
EXP3_HYBRID,10000,28.0100,27391,0.188697,0.136000,0.279510,0.205810,0.033000,0.325541
EXP3_HYBRID,10000,28.1000,18260,0.110373,0.156000,0.142405,0.143111,0.054000,0.201640
EXP3_HYBRID,10000,30.0000,10434,0.135979,0.452000,0.206462,0.138254,0.175000,0.215245
EXP3_HYBRID,10000,28.1000,19565,0.105124,0.149000,0.118013,0.132744,0.043000,0.182991
EXP3_HYBRID,10000,30.0000,11739,0.135612,0.374000,0.222608,0.153389,0.134000,0.243051
EXP3_HYBRID,10000,None,0,0.058091,0.376000,0.090731,0.074004,0.165000,0.108165
EXP3_HYBRID,10000,28.0100,28695,0.198211,0.117000,0.307664,0.205166,0.036000,0.324046
EXP3_HYBRID,10000,28.1000,20869,0.092653,0.154000,0.107071,0.108916,0.069000,0.145181
EXP3_HYBRID,10000,30.0000,13043,0.139179,0.391000,0.192490,0.143904,0.123000,0.219825
EXP3_HYBRID,10000,32.0000,1304,0.062912,0.433000,0.099204,0.069644,0.186000,0.086713
EXP3_HYBRID,10000,28.0100,30000,0.199218,0.127000,0.299493,0.213266,0.040000,0.344555
EXP3_HYBRID,10000,32.0000,2608,0.084476,0.541000,0.100522,0.071602,0.210000,0.090074
EXP3_HYBRID,10000,28.1000,22173,0.115834,0.127000,0.134801,0.133092,0.048000,0.178772
EXP3_HYBRID,10000,32.0000,3913,0.101926,0.635000,0.113648,0.080783,0.274000,0.115259
EXP3_HYBRID,10000,30.0000,14347,0.145608,0.382000,0.241150,0.150870,0.138000,0.247512
EXP3_HYBRID,10000,28.1000,23478,0.100342,0.153000,0.124648,0.126999,0.061000,0.172842
EXP3_HYBRID,10000,30.0000,15652,0.148439,0.299000,0.235123,0.159880,0.087000,0.266736
EXP3_HYBRID,10000,30.0000,16956,0.142477,0.315000,0.223669,0.157381,0.110000,0.265301
EXP3_HYBRID,10000,32.0000,5217,0.111224,0.672000,0.211089,0.098472,0.359000,0.133016
EXP3_HYBRID,10000,28.1000,24782,0.115990,0.145000,0.140106,0.144660,0.044000,0.190226
EXP3_HYBRID,10000,32.0000,6521,0.116368,0.712000,0.169345,0.105981,0.422000,0.161451
EXP3_HYBRID,10000,30.0000,18260,0.152969,0.290000,0.253370,0.173129,0.106000,0.296543
EXP3_HYBRID,10000,28.1000,26086,0.132524,0.119000,0.153578,0.149814,0.052000,0.191460
EXP3_HYBRID,10000,32.0000,7826,0.156648,0.720000,0.265616,0.137066,0.433000,0.219952
EXP3_HYBRID,10000,30.0000,19565,0.156395,0.289000,0.265711,0.175932,0.110000,0.292762
EXP3_HYBRID,10000,28.1000,27391,0.113399,0.144000,0.126448,0.140467,0.051000,0.178259
EXP3_HYBRID,10000,28.1000,28695,0.131050,0.137000,0.154234,0.152173,0.053000,0.199673
EXP3_HYBRID,10000,32.0000,9130,0.138674,0.693000,0.229896,0.148003,0.411000,0.251727
EXP3_HYBRID,10000,None,0,0.058091,0.376000,0.090731,0.074004,0.165000,0.108165
EXP3_HYBRID,10000,30.0000,20869,0.163084,0.241000,0.264031,0.187550,0.078000,0.319056
EXP3_HYBRID,10000,32.0000,10434,0.138259,0.706000,0.206993,0.141211,0.432000,0.251900
EXP3_HYBRID,10000,30.0000,22173,0.159429,0.271000,0.243068,0.174249,0.096000,0.288901
EXP3_HYBRID,10000,33.0000,1304,0.060267,0.437000,0.091944,0.063908,0.190000,0.089842
EXP3_HYBRID,10000,28.1000,30000,0.130011,0.127000,0.147127,0.155116,0.049000,0.203966
EXP3_HYBRID,10000,33.0000,2608,0.079502,0.506000,0.096248,0.062884,0.215000,0.080922
EXP3_HYBRID,10000,32.0000,11739,0.155367,0.708000,0.272118,0.146853,0.428000,0.248306
EXP3_HYBRID,10000,31.0000,20869,0.203511,0.388000,0.361001,0.220106,0.109000,0.398554
EXP3_HYBRID,10000,33.0000,3913,0.107892,0.567000,0.121369,0.107922,0.245000,0.144195
EXP3_HYBRID,10000,32.0000,13043,0.165296,0.687000,0.301578,0.185755,0.386000,0.336625
EXP3_HYBRID,10000,31.0000,22173,0.223587,0.333000,0.402237,0.228867,0.115000,0.452844
EXP3_HYBRID,10000,30.0000,24782,0.165320,0.209000,0.269701,0.182647,0.069000,0.304628
EXP3_HYBRID,10000,32.0000,14347,0.190204,0.688000,0.327846,0.197637,0.345000,0.357392
EXP3_HYBRID,10000,30.0000,23478,0.150756,0.205000,0.242341,0.175198,0.058000,0.298066
EXP3_HYBRID,10000,33.0000,5217,0.104312,0.640000,0.133766,0.093037,0.285000,0.132213
EXP3_HYBRID,10000,31.0000,23478,0.215369,0.365000,0.399092,0.228591,0.118000,0.431350
EXP3_HYBRID,10000,32.0000,15652,0.176462,0.678000,0.299386,0.171465,0.370000,0.324264
EXP3_HYBRID,10000,30.0000,26086,0.169117,0.215000,0.283604,0.183589,0.068000,0.306854
EXP3_HYBRID,10000,33.0000,6521,0.100545,0.674000,0.128179,0.100395,0.355000,0.137494
EXP3_HYBRID,10000,31.0000,24782,0.215959,0.342000,0.390294,0.224115,0.101000,0.420550
EXP3_HYBRID,10000,30.0000,27391,0.166216,0.199000,0.283435,0.182465,0.068000,0.313491
EXP3_HYBRID,10000,33.0000,7826,0.130471,0.715000,0.185353,0.102235,0.377000,0.145202
EXP3_HYBRID,10000,None,0,0.058091,0.376000,0.090731,0.074004,0.165000,0.108165
EXP3_HYBRID,10000,32.0000,16956,0.184131,0.638000,0.320122,0.205521,0.332000,0.379587
EXP3_HYBRID,10000,31.0000,26086,0.222953,0.301000,0.407034,0.226584,0.104000,0.417272
EXP3_HYBRID,10000,35.0000,1304,0.045666,0.344000,0.076669,0.057386,0.169000,0.092253
EXP3_HYBRID,10000,30.0000,28695,0.158588,0.187000,0.279104,0.184409,0.060000,0.312978
EXP3_HYBRID,10000,33.0000,9130,0.162019,0.727000,0.238888,0.151414,0.446000,0.238854
EXP3_HYBRID,10000,31.0000,27391,0.228637,0.353000,0.426154,0.223609,0.121000,0.424993
EXP3_HYBRID,10000,32.0000,18260,0.177007,0.618000,0.324561,0.204498,0.292000,0.383339
EXP3_HYBRID,10000,35.0000,2608,0.062560,0.447000,0.094374,0.062922,0.194000,0.090964
EXP3_HYBRID,10000,35.0000,3913,0.056875,0.495000,0.071580,0.067618,0.209000,0.096338
EXP3_HYBRID,10000,33.0000,10434,0.171154,0.716000,0.307144,0.145853,0.450000,0.241659
EXP3_HYBRID,10000,32.0000,19565,0.205181,0.632000,0.372342,0.193768,0.340000,0.361024
EXP3_HYBRID,10000,31.0000,28695,0.216967,0.344000,0.411387,0.225896,0.110000,0.434458
EXP3_HYBRID,10000,35.0000,5217,0.059779,0.562000,0.073261,0.079850,0.211000,0.101037
EXP3_HYBRID,10000,33.0000,11739,0.160715,0.722000,0.273570,0.185501,0.462000,0.355591
EXP3_HYBRID,10000,32.0000,20869,0.216384,0.555000,0.414782,0.222038,0.234000,0.467581
EXP3_HYBRID,10000,35.0000,6521,0.083549,0.634000,0.087336,0.069776,0.251000,0.090675
EXP3_HYBRID,10000,31.0000,30000,0.225807,0.323000,0.443180,0.226673,0.112000,0.452331
EXP3_HYBRID,10000,33.0000,13043,0.200909,0.725000,0.330624,0.211126,0.426000,0.388107
EXP3_HYBRID,10000,32.0000,22173,0.222142,0.578000,0.425343,0.219388,0.230000,0.450843
EXP3_HYBRID,10000,32.0000,23478,0.225417,0.554000,0.469337,0.228492,0.203000,0.460809
EXP3_HYBRID,10000,35.0000,7826,0.091364,0.678000,0.116180,0.082169,0.316000,0.108885
EXP3_HYBRID,10000,33.0000,14347,0.171135,0.746000,0.304713,0.194461,0.482000,0.363240
EXP3_HYBRID,10000,None,0,0.058091,0.376000,0.090731,0.074004,0.165000,0.108165
EXP3_HYBRID,10000,35.0000,9130,0.121076,0.726000,0.171190,0.088800,0.372000,0.114826
EXP3_HYBRID,10000,36.0000,1304,0.079965,0.426000,0.084177,0.078558,0.194000,0.102371
EXP3_HYBRID,10000,32.0000,24782,0.214626,0.528000,0.412415,0.235790,0.160000,0.507757
EXP3_HYBRID,10000,36.0000,2608,0.090402,0.396000,0.097294,0.067958,0.176000,0.090741
EXP3_HYBRID,10000,35.0000,10434,0.125862,0.747000,0.210774,0.115305,0.423000,0.173949
EXP3_HYBRID,10000,33.0000,16956,0.211012,0.756000,0.365222,0.201410,0.462000,0.379245
EXP3_HYBRID,10000,33.0000,15652,0.234211,0.725000,0.509273,0.207536,0.461000,0.391399
EXP3_HYBRID,10000,36.0000,3913,0.075844,0.477000,0.083853,0.085465,0.201000,0.109626
EXP3_HYBRID,10000,32.0000,26086,0.228909,0.485000,0.467094,0.239305,0.138000,0.524825
EXP3_HYBRID,10000,35.0000,11739,0.153134,0.728000,0.264668,0.123052,0.443000,0.170460
EXP3_HYBRID,10000,32.0000,27391,0.228721,0.400000,0.498821,0.248729,0.130000,0.543327
EXP3_HYBRID,10000,35.0000,13043,0.129679,0.733000,0.205355,0.108591,0.425000,0.152780
EXP3_HYBRID,10000,33.0000,18260,0.202528,0.695000,0.365764,0.220603,0.406000,0.463493
EXP3_HYBRID,10000,36.0000,5217,0.076361,0.498000,0.104083,0.069208,0.193000,0.100003
EXP3_HYBRID,10000,33.0000,19565,0.206715,0.729000,0.425278,0.225908,0.348000,0.488069
EXP3_HYBRID,10000,35.0000,14347,0.172899,0.764000,0.331157,0.150239,0.500000,0.272164
EXP3_HYBRID,10000,32.0000,28695,0.245974,0.427000,0.511790,0.246057,0.127000,0.525583
EXP3_HYBRID,10000,33.0000,20869,0.225147,0.651000,0.459036,0.213109,0.321000,0.437849
EXP3_HYBRID,10000,36.0000,6521,0.102459,0.606000,0.136835,0.083153,0.254000,0.106026
EXP3_HYBRID,10000,35.0000,15652,0.196274,0.787000,0.365631,0.157457,0.490000,0.310772
EXP3_HYBRID,10000,32.0000,30000,0.253258,0.369000,0.529412,0.260311,0.124000,0.563893
EXP3_HYBRID,10000,35.0000,16956,0.188833,0.767000,0.358249,0.177605,0.532000,0.350907
EXP3_HYBRID,10000,36.0000,7826,0.083187,0.588000,0.128612,0.079564,0.245000,0.122022
EXP3_HYBRID,10000,36.0000,9130,0.115215,0.650000,0.140099,0.102098,0.305000,0.159303
EXP3_HYBRID,10000,36.0000,10434,0.110995,0.690000,0.161323,0.075117,0.342000,0.118250
EXP3_HYBRID,10000,35.0000,19565,0.197953,0.746000,0.352605,0.184049,0.481000,0.326267
EXP3_HYBRID,10000,36.0000,11739,0.144493,0.714000,0.222346,0.098192,0.365000,0.148156
EXP3_HYBRID,10000,35.0000,18260,0.214758,0.776000,0.459822,0.194436,0.498000,0.387963
EXP3_HYBRID,10000,36.0000,13043,0.144050,0.727000,0.228542,0.106205,0.430000,0.158050
EXP3_HYBRID,10000,35.0000,20869,0.231607,0.765000,0.547044,0.200125,0.472000,0.398162
EXP3_HYBRID,10000,36.0000,14347,0.150949,0.755000,0.234848,0.110583,0.400000,0.168382
EXP3_HYBRID,10000,35.0000,22173,0.220659,0.743000,0.483411,0.219365,0.468000,0.466587
EXP3_HYBRID,10000,36.0000,15652,0.138517,0.773000,0.236534,0.104020,0.458000,0.180400
EXP3_HYBRID,10000,36.0000,16956,0.159215,0.806000,0.275617,0.117685,0.430000,0.170861
EXP3_HYBRID,10000,35.0000,23478,0.243762,0.771000,0.565400,0.233702,0.393000,0.545178
EXP3_HYBRID,10000,35.0000,24782,0.235735,0.750000,0.600746,0.237745,0.413000,0.592263
EXP3_HYBRID,10000,38.0000,10434,0.077493,0.543000,0.124291,0.078178,0.225000,0.113642
EXP3_HYBRID,10000,38.0000,11739,0.083839,0.582000,0.132416,0.074730,0.248000,0.096105
EXP3_HYBRID,10000,36.0000,18260,0.195291,0.774000,0.303212,0.151395,0.540000,0.281916
EXP3_HYBRID,10000,35.0000,26086,0.229002,0.721000,0.522681,0.239103,0.373000,0.541565
EXP3_HYBRID,10000,38.0000,13043,0.094110,0.638000,0.124851,0.065519,0.303000,0.101345
EXP3_HYBRID,10000,36.0000,19565,0.201666,0.774000,0.358518,0.162078,0.527000,0.301610
EXP3_HYBRID,10000,35.0000,27391,0.240594,0.693000,0.549719,0.249210,0.373000,0.562825
EXP3_HYBRID,10000,38.0000,14347,0.109530,0.606000,0.148872,0.080864,0.296000,0.102220
EXP3_HYBRID,10000,38.0000,15652,0.105101,0.670000,0.167889,0.090220,0.387000,0.116651
EXP3_HYBRID,10000,38.0000,18260,0.125041,0.738000,0.190976,0.105356,0.431000,0.178627
EXP3_HYBRID,10000,36.0000,20869,0.221167,0.762000,0.493248,0.180297,0.502000,0.345181
EXP3_HYBRID,10000,36.0000,22173,0.205449,0.796000,0.383727,0.185452,0.482000,0.334690
EXP3_HYBRID,10000,38.0000,16956,0.123637,0.698000,0.177841,0.106357,0.444000,0.171711
EXP3_HYBRID,10000,35.0000,28695,0.249924,0.747000,0.600639,0.247019,0.411000,0.593197
EXP3_HYBRID,10000,36.0000,23478,0.228875,0.784000,0.455278,0.199044,0.487000,0.363804
EXP3_HYBRID,10000,35.0000,30000,0.259213,0.735000,0.673086,0.257199,0.362000,0.607754
EXP3_HYBRID,10000,36.0000,24782,0.225191,0.774000,0.445205,0.218016,0.460000,0.457598
EXP3_HYBRID,10000,38.0000,19565,0.150397,0.717000,0.221162,0.102575,0.432000,0.149901
EXP3_HYBRID,10000,38.0000,20869,0.152871,0.774000,0.221578,0.129415,0.493000,0.201380
EXP3_HYBRID,10000,38.0000,23478,0.158488,0.764000,0.266208,0.158518,0.545000,0.276883
EXP3_HYBRID,10000,36.0000,26086,0.238973,0.769000,0.497057,0.226643,0.424000,0.492371
EXP3_HYBRID,10000,38.0000,22173,0.165427,0.758000,0.260487,0.148103,0.496000,0.245527
EXP3_HYBRID,10000,36.0000,27391,0.229176,0.757000,0.527972,0.235622,0.423000,0.530938
EXP3_HYBRID,10000,36.0000,28695,0.237192,0.753000,0.561797,0.225105,0.452000,0.447932
EXP3_HYBRID,10000,38.0000,24782,0.191933,0.774000,0.320362,0.170111,0.534000,0.303481
EXP3_HYBRID,10000,38.0000,26086,0.188787,0.786000,0.322659,0.168477,0.523000,0.275052
EXP3_HYBRID,10000,38.0000,27391,0.176898,0.781000,0.298734,0.141244,0.517000,0.211790
EXP3_HYBRID,10000,38.0000,28695,0.174994,0.809000,0.282019,0.162079,0.549000,0.278192
EXP3_HYBRID,10000,38.0000,30000,0.209388,0.794000,0.361478,0.175976,0.566000,0.297532
EXP2_MIX,10000,None,0,0.058091,0.376000,0.090731,0.074004,0.165000,0.108165
EXP2_MIX,10000,None,0,0.058091,0.376000,0.090731,0.074004,0.165000,0.108165
EXP2_MIX,4545,28.0100,5455,0.114698,0.411000,0.163352,0.126819,0.170000,0.195166
EXP2_MIX,5454,28.0100,4546,0.116059,0.425000,0.161906,0.146121,0.179000,0.212917
EXP2_MIX,6363,28.0100,3637,0.130724,0.413000,0.172501,0.148331,0.185000,0.219251
EXP2_MIX,7272,28.0100,2728,0.090414,0.445000,0.130482,0.120657,0.230000,0.183908
EXP2_MIX,10000,None,0,0.058091,0.376000,0.090731,0.074004,0.165000,0.108165
EXP2_MIX,9090,28.0100,910,0.125801,0.480000,0.210194,0.096552,0.244000,0.151034
EXP2_MIX,8181,28.0100,1819,0.135625,0.488000,0.206170,0.152685,0.234000,0.255220
EXP2_MIX,6363,28.1000,3637,0.097719,0.393000,0.114418,0.128295,0.165000,0.162940
EXP2_MIX,1818,28.1000,8182,0.253593,0.547000,0.549229,0.270454,0.304000,0.610514
EXP2_MIX,909,28.1000,9091,0.271208,0.527000,0.642960,0.278018,0.355000,0.609811
EXP2_MIX,2727,28.1000,7273,0.267342,0.551000,0.598833,0.281068,0.297000,0.643637
EXP2_MIX,0,28.1000,10000,0.127147,0.428000,0.167284,0.146934,0.172000,0.204569
EXP2_MIX,4545,28.1000,5455,0.097361,0.401000,0.154802,0.107462,0.170000,0.160411
EXP2_MIX,3636,28.1000,6364,0.115621,0.403000,0.120431,0.129734,0.189000,0.175290
EXP2_MIX,5454,28.1000,4546,0.092579,0.379000,0.118365,0.103258,0.161000,0.129668
EXP2_MIX,8181,28.1000,1819,0.106115,0.332000,0.122071,0.135576,0.145000,0.184424
EXP3_HYBRID,10000,None,0,0.058091,0.376000,0.090731,0.074004,0.165000,0.108165
EXP2_MIX,10000,None,0,0.058091,0.376000,0.090731,0.074004,0.165000,0.108165
EXP3_HYBRID,10000,None,0,0.058091,0.376000,0.090731,0.074004,0.165000,0.108165
EXP2_MIX,9090,28.1000,910,0.144639,0.538000,0.191080,0.120669,0.302000,0.214458
EXP2_MIX,7272,28.1000,2728,0.112865,0.370000,0.162070,0.132226,0.182000,0.192198
EXP3_HYBRID,10000,None,0,0.058091,0.376000,0.090731,0.074004,0.165000,0.108165
EXP3_HYBRID,10000,None,0,0.058091,0.376000,0.090731,0.074004,0.165000,0.108165
EXP3_HYBRID,10000,28.0100,1304,0.067125,0.471000,0.089541,0.081303,0.187000,0.113919
EXP3_HYBRID,10000,28.0100,2608,0.091494,0.395000,0.099693,0.108513,0.155000,0.138387
EXP3_HYBRID,10000,28.0100,3913,0.095802,0.318000,0.123933,0.113132,0.148000,0.145600
EXP3_HYBRID,10000,28.0001,14347,0.125847,0.167000,0.162545,0.138680,0.062000,0.193378
EXP3_HYBRID,10000,28.0100,5217,0.111769,0.318000,0.146167,0.143994,0.098000,0.201689
EXP3_HYBRID,10000,28.0100,6521,0.116970,0.304000,0.173942,0.147272,0.087000,0.232916
EXP3_HYBRID,10000,28.0001,15652,0.128756,0.162000,0.161893,0.153245,0.060000,0.227062
EXP3_HYBRID,10000,None,0,0.058091,0.376000,0.090731,0.074004,0.165000,0.108165
EXP3_HYBRID,10000,None,0,0.058091,0.376000,0.090731,0.074004,0.165000,0.108165
EXP3_HYBRID,10000,28.0100,7826,0.144726,0.276000,0.188357,0.174404,0.080000,0.260214
EXP3_HYBRID,10000,None,0,0.058091,0.376000,0.090731,0.074004,0.165000,0.108165
EXP3_HYBRID,10000,28.0001,16956,0.124321,0.156000,0.149127,0.150533,0.058000,0.197855
EXP3_HYBRID,10000,31.0000,1304,0.067155,0.471000,0.109193,0.071581,0.229000,0.096067
EXP3_HYBRID,10000,31.0000,2608,0.092212,0.516000,0.093068,0.086207,0.242000,0.116352
EXP3_HYBRID,10000,28.0001,18260,0.126608,0.150000,0.150732,0.148065,0.058000,0.195855
EXP3_HYBRID,10000,28.0001,22173,0.141657,0.120000,0.171885,0.164206,0.047000,0.231980
EXP3_HYBRID,10000,28.0001,23478,0.128779,0.132000,0.159320,0.153235,0.040000,0.211061
EXP3_HYBRID,10000,31.0000,3913,0.114780,0.633000,0.155031,0.106447,0.303000,0.152514
EXP3_HYBRID,10000,28.0001,19565,0.118939,0.148000,0.136639,0.141550,0.060000,0.170142
EXP3_HYBRID,10000,31.0000,5217,0.147977,0.666000,0.221808,0.140438,0.328000,0.217521
EXP3_HYBRID,10000,28.0100,9130,0.175716,0.231000,0.266252,0.188238,0.098000,0.305616
EXP3_HYBRID,10000,31.0000,6521,0.136739,0.638000,0.230133,0.142829,0.299000,0.226688
EXP3_HYBRID,10000,28.0001,26086,0.135280,0.121000,0.168465,0.155652,0.045000,0.217336
EXP3_HYBRID,10000,28.0001,24782,0.140242,0.118000,0.184179,0.151363,0.041000,0.217046
EXP3_HYBRID,10000,28.0001,20869,0.114782,0.137000,0.137822,0.134698,0.062000,0.174470
EXP3_HYBRID,10000,31.0000,7826,0.154148,0.660000,0.225472,0.147217,0.307000,0.253722
EXP3_HYBRID,10000,31.0000,9130,0.176181,0.649000,0.292609,0.177320,0.334000,0.276011
EXP3_HYBRID,10000,None,0,0.058091,0.376000,0.090731,0.074004,0.165000,0.108165
EXP3_HYBRID,10000,None,0,0.058091,0.376000,0.090731,0.074004,0.165000,0.108165
EXP3_HYBRID,10000,31.0000,10434,0.178803,0.633000,0.276967,0.174465,0.302000,0.293581
EXP3_HYBRID,10000,31.0000,11739,0.148526,0.632000,0.221476,0.163033,0.270000,0.267415
EXP3_HYBRID,10000,31.0000,13043,0.170855,0.595000,0.261258,0.173554,0.226000,0.312883
EXP3_HYBRID,10000,34.0000,1304,0.052469,0.408000,0.065806,0.066452,0.177000,0.092052
EXP3_HYBRID,10000,30.0000,30000,0.152173,0.189000,0.263132,0.171765,0.063000,0.302140
EXP3_HYBRID,10000,34.0000,2608,0.070479,0.457000,0.098311,0.072162,0.184000,0.102966
EXP3_HYBRID,10000,28.0001,27391,0.145012,0.103000,0.185130,0.160834,0.037000,0.234309
EXP3_HYBRID,10000,None,0,0.058091,0.376000,0.090731,0.074004,0.165000,0.108165
EXP3_HYBRID,10000,31.0000,14347,0.167825,0.575000,0.263986,0.183401,0.248000,0.328042
EXP3_HYBRID,10000,31.0000,15652,0.194975,0.528000,0.355530,0.195702,0.210000,0.350263
EXP3_HYBRID,10000,34.0000,3913,0.078866,0.524000,0.125937,0.082153,0.225000,0.120442
EXP3_HYBRID,10000,28.0001,28695,0.132942,0.111000,0.169276,0.158494,0.033000,0.222337
EXP3_HYBRID,10000,31.0000,16956,0.206913,0.515000,0.316902,0.196441,0.183000,0.339862
EXP3_HYBRID,10000,34.0000,5217,0.085980,0.584000,0.116200,0.083716,0.268000,0.118120
EXP3_HYBRID,10000,28.0001,30000,0.143066,0.104000,0.182195,0.161874,0.028000,0.224273
EXP3_HYBRID,10000,31.0000,19565,0.205266,0.457000,0.374354,0.217054,0.142000,0.399696
EXP3_HYBRID,10000,31.0000,18260,0.200670,0.464000,0.336313,0.210057,0.159000,0.380020
EXP3_HYBRID,10000,34.0000,6521,0.115004,0.685000,0.131097,0.069380,0.323000,0.103199
EXP3_HYBRID,10000,33.0000,22173,0.220706,0.645000,0.455534,0.222778,0.344000,0.479261
EXP3_HYBRID,10000,34.0000,7826,0.114442,0.701000,0.164806,0.083767,0.361000,0.128177
EXP3_HYBRID,10000,33.0000,23478,0.234223,0.669000,0.536314,0.223238,0.342000,0.465443
EXP3_HYBRID,10000,34.0000,11739,0.170035,0.757000,0.436741,0.147465,0.481000,0.260609
EXP3_HYBRID,10000,34.0000,9130,0.130719,0.760000,0.192045,0.108987,0.451000,0.215168
EXP3_HYBRID,10000,33.0000,24782,0.237204,0.638000,0.495001,0.230293,0.264000,0.477488
EXP3_HYBRID,10000,34.0000,10434,0.141714,0.735000,0.245965,0.104273,0.429000,0.182346
EXP3_HYBRID,10000,33.0000,26086,0.248801,0.613000,0.541803,0.237039,0.224000,0.480990
EXP3_HYBRID,10000,None,0,0.058091,0.376000,0.090731,0.074004,0.165000,0.108165
EXP3_HYBRID,10000,33.0000,27391,0.243910,0.580000,0.503672,0.241751,0.217000,0.519079
EXP3_HYBRID,10000,33.0000,28695,0.234589,0.597000,0.483700,0.233589,0.256000,0.492289
EXP3_HYBRID,10000,None,0,0.058091,0.376000,0.090731,0.074004,0.165000,0.108165
EXP3_HYBRID,10000,34.0000,13043,0.161103,0.759000,0.348951,0.147461,0.518000,0.278471
EXP3_HYBRID,10000,None,0,0.058091,0.376000,0.090731,0.074004,0.165000,0.108165
EXP3_HYBRID,10000,34.0000,16956,0.208121,0.745000,0.534978,0.201168,0.469000,0.451284
EXP3_HYBRID,10000,37.0000,1304,0.070361,0.347000,0.089327,0.077522,0.149000,0.094210
EXP3_HYBRID,10000,34.0000,18260,0.187457,0.736000,0.479423,0.205072,0.446000,0.466525
EXP3_HYBRID,10000,34.0000,14347,0.202135,0.761000,0.399494,0.174982,0.488000,0.345994
EXP3_HYBRID,10000,37.0000,2608,0.058939,0.405000,0.079235,0.060317,0.186000,0.084189
EXP3_HYBRID,10000,34.0000,15652,0.190501,0.754000,0.436247,0.190305,0.408000,0.429473
EXP3_HYBRID,10000,37.0000,3913,0.076256,0.478000,0.098559,0.071343,0.192000,0.089481
EXP3_HYBRID,10000,34.0000,20869,0.231013,0.704000,0.585748,0.209039,0.351000,0.480335
EXP3_HYBRID,10000,37.0000,5217,0.075737,0.492000,0.092393,0.069500,0.198000,0.093061
EXP3_HYBRID,10000,37.0000,6521,0.094053,0.553000,0.122945,0.080394,0.215000,0.115447
EXP3_HYBRID,10000,34.0000,22173,0.218107,0.708000,0.499919,0.225835,0.330000,0.494447
EXP3_HYBRID,10000,34.0000,19565,0.194960,0.737000,0.417557,0.204118,0.413000,0.437086
EXP3_HYBRID,10000,37.0000,7826,0.095921,0.587000,0.112845,0.075652,0.267000,0.103790
EXP3_HYBRID,10000,37.0000,9130,0.085048,0.605000,0.115810,0.067091,0.281000,0.085613
EXP3_HYBRID,10000,34.0000,24782,0.252933,0.622000,0.602057,0.247081,0.273000,0.561193
EXP3_HYBRID,10000,34.0000,23478,0.230843,0.662000,0.558853,0.230810,0.310000,0.517443
EXP3_HYBRID,10000,37.0000,10434,0.095947,0.626000,0.130247,0.070177,0.269000,0.100721
EXP3_HYBRID,10000,34.0000,26086,0.243076,0.608000,0.588004,0.246865,0.242000,0.558557
EXP3_HYBRID,10000,34.0000,27391,0.244681,0.587000,0.584150,0.241120,0.251000,0.531661
EXP3_HYBRID,10000,37.0000,11739,0.116759,0.650000,0.165611,0.083730,0.297000,0.115638
EXP3_HYBRID,10000,37.0000,13043,0.108635,0.674000,0.157820,0.078594,0.336000,0.118099
EXP3_HYBRID,10000,37.0000,14347,0.133334,0.727000,0.209624,0.082769,0.397000,0.137977
EXP3_HYBRID,10000,None,0,0.058091,0.376000,0.090731,0.074004,0.165000,0.108165
EXP3_HYBRID,10000,33.0000,30000,0.224156,0.567000,0.458980,0.234472,0.230000,0.494229
EXP3_HYBRID,10000,38.0000,1304,0.062355,0.368000,0.101680,0.077041,0.167000,0.103778
EXP3_HYBRID,10000,37.0000,15652,0.136869,0.735000,0.195090,0.107428,0.418000,0.144814
EXP3_HYBRID,10000,34.0000,28695,0.247520,0.609000,0.604431,0.256618,0.206000,0.587751
EXP3_HYBRID,10000,38.0000,2608,0.058488,0.383000,0.084623,0.058923,0.168000,0.098439
EXP3_HYBRID,10000,37.0000,16956,0.133324,0.736000,0.261833,0.082958,0.439000,0.136900
EXP3_HYBRID,10000,36.0000,30000,0.239972,0.769000,0.516282,0.225442,0.487000,0.442888
EXP3_HYBRID,10000,38.0000,3913,0.072877,0.418000,0.119520,0.052819,0.179000,0.087560
EXP3_HYBRID,10000,37.0000,19565,0.150740,0.741000,0.250898,0.103009,0.470000,0.158780
EXP3_HYBRID,10000,37.0000,18260,0.148798,0.728000,0.243959,0.101140,0.407000,0.169209
EXP3_HYBRID,10000,38.0000,5217,0.069274,0.442000,0.094570,0.065406,0.191000,0.092521
EXP3_HYBRID,10000,37.0000,20869,0.172671,0.753000,0.271484,0.124267,0.498000,0.210570
EXP3_HYBRID,10000,38.0000,6521,0.073986,0.464000,0.096547,0.058536,0.211000,0.086325
EXP3_HYBRID,10000,37.0000,22173,0.199683,0.764000,0.363990,0.152497,0.527000,0.266400
EXP3_HYBRID,10000,38.0000,9130,0.092925,0.576000,0.127289,0.072249,0.255000,0.093270
EXP3_HYBRID,10000,34.0000,30000,0.251455,0.552000,0.549300,0.255169,0.208000,0.572622
EXP3_HYBRID,10000,37.0000,23478,0.166541,0.795000,0.272848,0.188524,0.564000,0.323270
EXP3_HYBRID,10000,38.0000,7826,0.069159,0.507000,0.077157,0.065909,0.199000,0.101209
EXP3_HYBRID,10000,37.0000,24782,0.204250,0.763000,0.413776,0.178019,0.568000,0.333784
EXP3_HYBRID,10000,37.0000,26086,0.181549,0.778000,0.390513,0.176263,0.527000,0.347350
EXP3_HYBRID,10000,37.0000,27391,0.206091,0.759000,0.418145,0.182202,0.531000,0.374419
EXP3_HYBRID,10000,37.0000,28695,0.237367,0.780000,0.470999,0.203300,0.549000,0.395161
EXP3_HYBRID,10000,37.0000,30000,0.220097,0.767000,0.423674,0.198627,0.533000,0.396991