0.0,0,10,0.03727335427857196,0.128,0.051621421462619436,10000
35.2756,5000,10,0.09079759261004845,0.25133333333333335,0.12493165504000195,10000
35.79528,5000,10,0.0753635808194874,0.27566666666666667,0.126049911979746,10000
28.86615,5000,10,0.07480087447612864,0.263,0.10810801652867574,10000
31.81103,5000,10,0.07421697667980275,0.2793333333333333,0.10905819548888011,10000
34.23623,5000,10,0.08007817653184204,0.2703333333333333,0.13543277782278484,10000
35.62205,5000,10,0.08730172633778989,0.265,0.13431308322537175,10000
30.77166,5000,10,0.07680606927812245,0.26466666666666666,0.1056436968574659,10000
30.25198,5000,10,0.07927990731440546,0.262,0.1148983506566485,10000
32.67717,5000,10,0.08756916688723602,0.27566666666666667,0.12098180527753988,10000
31.29135,5000,10,0.08403913312493287,0.271,0.1257293220549229,10000
35.44883,5000,10,0.08119666185016194,0.271,0.13277472323365275,10000
34.75591,5000,10,0.06866804723928242,0.26866666666666666,0.09313999560286018,10000
30.94489,5000,10,0.08667950096500239,0.2803333333333333,0.12713854395605276,10000
30.42521,5000,10,0.0885806511540848,0.275,0.14508577595892808,10000
31.6378,5000,10,0.0845381492521313,0.27566666666666667,0.13366290533456252,10000
32.50394,5000,10,0.07344642593268738,0.27166666666666667,0.10831299958631632,10000
34.58268,5000,10,0.07902848002861021,0.2703333333333333,0.12141161642974657,10000
33.71654,5000,10,0.08614375200710721,0.25566666666666665,0.1368787312314436,10000
28.51969,5000,10,0.06966962730639774,0.2776666666666667,0.09705554234639117,10000
28.69292,5000,10,0.07187526046667321,0.272,0.08753919509738685,10000
29.21261,5000,10,0.0805703368085136,0.273,0.12000748931332254,10000
33.88977,5000,10,0.07844819030692846,0.257,0.11330604439166184,10000
34.92914,5000,10,0.07708012179629016,0.2663333333333333,0.1143141133011,10000
32.33072,5000,10,0.08310469606057,0.277,0.116820738706306,10000
30.59843,5000,10,0.0802125467629774,0.2813333333333333,0.128575500724086,10000
29.73229,5000,10,0.07323435265116722,0.27566666666666667,0.09492574882679354,10000
29.90552,5000,10,0.07873542300243189,0.25933333333333336,0.10110722308534068,10000
31.98426,5000,10,0.08450648530957204,0.27066666666666667,0.12456642067502367,10000
34.063,5000,10,0.07935183970364071,0.2713333333333333,0.11913100545859574,10000
29.55906,5000,10,0.07915219320009166,0.27666666666666667,0.11688417191765646,10000
29.38584,5000,10,0.08470552360871456,0.2633333333333333,0.1308967496771493,10000
33.37009,5000,10,0.07555452632756035,0.26166666666666666,0.10861704486782764,10000
28.17324,5000,10,0.07850276928932787,0.276,0.12758009427645065,10000
31.11812,5000,10,0.08029524478881199,0.26766666666666666,0.10743243202703388,10000
35.10237,5000,10,0.06919335764103157,0.27,0.07972221293462822,10000
32.15749,5000,10,0.07282951159313827,0.2653333333333333,0.1055338587978334,10000
29.03938,5000,10,0.08558993493640096,0.2946666666666667,0.11235654410319561,10000
34.40946,5000,10,0.07397646433420038,0.26033333333333336,0.10549189874815684,10000
28.34647,5000,10,0.07738067641416646,0.2703333333333333,0.1024404193612331,10000
32.8504,5000,10,0.07563345343879697,0.26,0.10095097351846943,10000
31.46458,5000,10,0.07829453901261418,0.2613333333333333,0.11687403580590015,10000
30.07875,5000,10,0.09255321245581771,0.272,0.15082091724930405,10000
33.19686,5000,10,0.07444053443015403,0.26566666666666666,0.11013231426811695,10000
35.96851,5000,10,0.07667412381301267,0.27366666666666667,0.10792180760300187,10000
33.54331,5000,10,0.08503178142307453,0.25233333333333335,0.1265854375689697,10000
28.00001,5000,10,0.07314745186567127,0.2773333333333333,0.0972445281836553,10000
33.02363,5000,10,0.07826198077492151,0.271,0.12113286892176321,10000
36.14174,5000,10,0.07162275010911964,0.27166666666666667,0.09816742555500865,10000
36.66142,5000,10,0.08089505259295227,0.2653333333333333,0.10354807207966797,10000
36.4882,5000,10,0.08102326376906588,0.24933333333333332,0.11120936579689998,10000
43.41733,5000,10,0.09724548127156638,0.29,0.15407561359053726,10000
41.68504,5000,10,0.1204611631010528,0.32033333333333336,0.17345101768959478,10000
36.83465,5000,10,0.08109798136841793,0.263,0.10941887569444127,10000
39.95276,5000,10,0.08225719945536461,0.252,0.12053375087785721,10000
41.51181,5000,10,0.06869582065888727,0.264,0.09064047827159648,10000
41.33859,5000,10,0.06748879062988933,0.2613333333333333,0.09299702623174949,10000
41.16536,5000,10,0.07336769442318256,0.268,0.09992183400223847,10000
40.47245,5000,10,0.07763341997844231,0.25166666666666665,0.11767586420770179,10000
40.99213,5000,10,0.07455343521530232,0.265,0.10082218439773674,10000
40.12599,5000,10,0.07278521673862097,0.2733333333333333,0.1185698975673258,10000
40.64567,5000,10,0.08296037118596315,0.265,0.12559677065640873,10000
42.55118,5000,10,0.08259754757859589,0.2783333333333333,0.12289813178761219,10000
42.0315,5000,10,0.07790353307643197,0.2713333333333333,0.11994913298546923,10000
40.29922,5000,10,0.08541284424957914,0.2743333333333333,0.10604115792924702,10000
39.77953,5000,10,0.07672135981902459,0.272,0.10787843487470238,10000
39.6063,5000,10,0.07759019506358508,0.2733333333333333,0.10272982224074231,10000
42.37796,5000,10,0.0815844456202482,0.269,0.12147190974940504,10000
42.20473,5000,10,0.07516830183345083,0.2673333333333333,0.1148317518774867,10000
41.85827,5000,10,0.08072789908181137,0.264,0.10369653413243053,10000
36.31497,5000,10,0.07853189688545163,0.278,0.11805652728768437,10000
39.43308,5000,10,0.07432862178390842,0.26366666666666666,0.10139685178922754,10000
42.89764,5000,10,0.0765169705746348,0.2623333333333333,0.10084620602121018,10000
43.07087,5000,10,0.0733826536446609,0.25466666666666665,0.10893722018114377,10000
42.72441,5000,10,0.07791689331243763,0.262,0.10878121143463572,10000
43.2441,5000,10,0.07978210646603136,0.275,0.12389840583740099,10000
43.59055,5000,10,0.08297633123592763,0.25266666666666665,0.1293897715540406,10000
43.93701,5000,10,0.0847822588390028,0.268,0.1105612242164474,10000
43.76378,5000,10,0.07379586043622843,0.254,0.11016750589145524,10000
40.8189,5000,10,0.07662568107633817,0.264,0.10305586360339895,10000
44.11024,5000,10,0.07898108999846534,0.274,0.10218390802485948,10000
44.28347,5000,10,0.08447362267909711,0.25866666666666666,0.11930830422539726,10000
39.08662,5000,10,0.07663046412189348,0.259,0.102420691941525,10000
38.74016,5000,10,0.08529498965939399,0.254,0.13410950356919946,10000
39.25985,5000,10,0.07627559887846115,0.25633333333333336,0.10616364500125809,10000
38.56693,5000,10,0.07884116162901089,0.26066666666666666,0.10966840589335394,10000
38.39371,5000,10,0.08052687957203322,0.272,0.12878615311882882,10000
38.04725,5000,10,0.06990336222337133,0.28,0.08768991050096447,10000
37.52756,5000,10,0.07704012603238734,0.262,0.1221633654694994,10000
38.22048,5000,10,0.07770060236556213,0.2703333333333333,0.11329646627600456,10000
37.70079,5000,10,0.080395648782121,0.26666666666666666,0.11573247897786067,10000
37.87402,5000,10,0.07844360888968602,0.2776666666666667,0.10548878828660492,10000
38.91339,5000,10,0.07652195927975283,0.261,0.11490231954946856,10000
37.00788,5000,10,0.08123669557248,0.26466666666666666,0.12272736573621164,10000
37.35434,5000,10,0.08090190056896847,0.2693333333333333,0.10959747858298363,10000
37.18111,5000,10,0.07541137379363423,0.26033333333333336,0.11398152193730415,10000
0.0,0,10,0.03727335427857196,0.128,0.051621421462619436,10000
44.4567,5000,10,0.08027036308436188,0.26666666666666666,0.1168485969758134,10000
44.62992,5000,10,0.09399010318679372,0.26066666666666666,0.1346264000571229,10000
47.5748,5000,10,0.07402332900317189,0.265,0.10929580865647322,10000
46.53543,5000,10,0.07819857396691016,0.24966666666666668,0.12339936491218986,10000
46.36221,5000,10,0.07955365803074299,0.2633333333333333,0.11988206579806537,10000
0.0,0,10,0.03727335427857196,0.128,0.051621421462619436,10000
5.54332,5000,10,0.10694348914051177,0.42966666666666664,0.14808327058583434,10000
6.80316,5000,10,0.10071145523339263,0.4086666666666667,0.14642902615295023,10000
6.04725,5000,10,0.10344930641696826,0.42933333333333334,0.156302683056737,10000
7.55906,5000,10,0.09986077060545667,0.443,0.13757581983447834,10000
6.29922,5000,10,0.11021471579429427,0.444,0.15823972343112297,10000
7.30709,5000,10,0.09314926079584837,0.40066666666666667,0.1455606055462401,10000
7.05513,5000,10,0.09990154412008889,0.4196666666666667,0.13023606139267513,10000
6.55119,5000,10,0.10299554546460642,0.43966666666666665,0.163365287297009,10000
7.81103,5000,10,0.08808611124453719,0.403,0.1257189686650878,10000
5.29135,5000,10,0.11579016220884963,0.49233333333333335,0.19059662851909373,10000
5.79528,5000,10,0.11372306371504091,0.42333333333333334,0.1621217099022884,10000
2.51969,5000,10,0.07400932377912528,0.3313333333333333,0.10296841959154548,10000
0.00001,5000,10,0.05780682689430828,0.162,0.07715732238941327,10000
0.50395,5000,10,0.05330491232852642,0.157,0.060380522810769194,10000
0.75592,5000,10,0.08843918027275148,0.273,0.1334495762351959,10000
2.77166,5000,10,0.10074501114067809,0.36033333333333334,0.1310765694462572,10000
3.02363,5000,10,0.0824221428724292,0.383,0.14250250978314327,10000
1.00788,5000,10,0.09828838753893217,0.286,0.126901010030102,10000
1.25985,5000,10,0.09833235142954208,0.21133333333333335,0.10988228252334013,10000
3.2756,5000,10,0.1021554356266821,0.4106666666666667,0.16747472290801668,10000
3.77954,5000,10,0.1090208186941434,0.4266666666666667,0.15561911093672753,10000
3.52757,5000,10,0.09961894930765988,0.4026666666666667,0.16109902994711336,10000
1.76379,5000,10,0.07265847913721746,0.217,0.1030574198761914,10000
4.0315,5000,10,0.1032119325346705,0.43533333333333335,0.13949809391426643,10000
4.28347,5000,10,0.09319269545475603,0.402,0.14677763713112824,10000
1.51182,5000,10,0.0703823932591597,0.19633333333333333,0.0888006213463645,10000
0.25198,5000,10,0.0868557463839311,0.216,0.09192821701906496,10000
4.53544,5000,10,0.11919861698526016,0.4666666666666667,0.1961967589898638,10000
2.26773,5000,10,0.09748446201837067,0.2956666666666667,0.13255800598322753,10000
2.01576,5000,10,0.10072202755728636,0.32266666666666666,0.1479468170251927,10000
11.08662,5000,10,0.0827146596820995,0.284,0.09523753353650424,10000
11.59056,5000,10,0.08608251038136977,0.30733333333333335,0.2610552294134418,10000
11.33859,5000,10,0.08024824009005042,0.29733333333333334,0.11310403491429595,10000
11.84253,5000,10,0.07692526409389248,0.31466666666666665,0.10423157770388186,10000
5.03938,5000,10,0.12460119906176673,0.4666666666666667,0.20751799720206102,10000
4.78741,5000,10,0.1334052066571649,0.485,0.20433453858250245,10000
10.07875,5000,10,0.08456304648593027,0.3333333333333333,0.10729299515976584,10000
9.82678,5000,10,0.0791093448524378,0.31966666666666665,0.1040560643772103,10000
10.58268,5000,10,0.09641371222191658,0.31666666666666665,0.14089085225791362,10000
9.07087,5000,10,0.07817874051646724,0.32033333333333336,0.1078521599234179,10000
8.56694,5000,10,0.09254853667964406,0.3446666666666667,0.12405031877660473,10000
10.83465,5000,10,0.08816085725370344,0.31533333333333335,0.125280055555308,10000
10.33072,5000,10,0.09069625719563276,0.32366666666666666,0.11139129816373285,10000
9.57481,5000,10,0.09237274215169188,0.3453333333333333,0.12553362861326098,10000
8.8189,5000,10,0.08963848175999833,0.386,0.11285497893145742,10000
8.063,5000,10,0.08722517733345485,0.3486666666666667,0.13617162925027398,10000
9.32284,5000,10,0.076378029372744,0.332,0.11532831761319008,10000
8.31497,5000,10,0.09834207443000635,0.371,0.14927880503138924,10000
15.87402,5000,10,0.08645934157756757,0.2853333333333333,0.1322693790739064,10000
12.34646,5000,10,0.07722178835057847,0.3016666666666667,0.11229803163138205,10000
15.62205,5000,10,0.07377048752559176,0.2793333333333333,0.12043639848758192,10000
15.37008,5000,10,0.07351354725411953,0.2856666666666667,0.11524067270481927,10000
12.09449,5000,10,0.08676729150059832,0.276,0.1033891675721556,10000
15.11812,5000,10,0.07616413550123356,0.2866666666666667,0.11970846112742009,10000
12.8504,5000,10,0.08320982244256428,0.2916666666666667,0.11236404294377315,10000
18.39371,5000,10,0.08079600404244183,0.2693333333333333,0.11194856726503764,10000
12.59843,5000,10,0.08997356613716481,0.32666666666666666,0.12979049258857459,10000
13.35434,5000,10,0.08303413127444079,0.295,0.12054830686984593,10000
18.64567,5000,10,0.0776137580585024,0.2856666666666667,0.10975682900606477,10000
17.88977,5000,10,0.0660523855767786,0.26366666666666666,0.08083189708487751,10000
13.85827,5000,10,0.06686881574102595,0.29433333333333334,0.0837918909848189,10000
17.13386,5000,10,0.07113190591530744,0.28,0.10693649744900507,10000
13.10237,5000,10,0.07340681026996343,0.283,0.09823323597949003,10000
18.89764,5000,10,0.08211322297087115,0.27,0.12027269820636062,10000
17.6378,5000,10,0.0789992154654893,0.2813333333333333,0.10398960347961594,10000
18.14174,5000,10,0.09056302344784928,0.2916666666666667,0.13462029732481517,10000
19.14961,5000,10,0.07487572549655525,0.26366666666666666,0.10284461329425673,10000
13.6063,5000,10,0.06882805366412081,0.279,0.09111329263204634,10000
14.11024,5000,10,0.07239700228957885,0.2886666666666667,0.09269747843379592,10000
19.40158,5000,10,0.0730586576693017,0.2753333333333333,0.09652155306540912,10000
17.38583,5000,10,0.07432808311812472,0.27666666666666667,0.11702710646893844,10000
14.61418,5000,10,0.07044780456528082,0.267,0.0892771302936749,10000
19.65355,5000,10,0.07918661293836995,0.266,0.11053709945266146,10000
14.36221,5000,10,0.0765408014042793,0.2936666666666667,0.10451943854884675,10000
14.86615,5000,10,0.07437208865237081,0.27266666666666667,0.10144089670017076,10000
16.62993,5000,10,0.0663334504262692,0.2796666666666667,0.08744164310308042,10000
16.88189,5000,10,0.07307511631270129,0.2856666666666667,0.10612676887171094,10000
16.12599,5000,10,0.06753461194864972,0.278,0.09144298827449765,10000
16.37796,5000,10,0.08104763146913879,0.2796666666666667,0.11610069342393721,10000
19.90552,5000,10,0.07389656275915663,0.25466666666666665,0.08994946576979464,10000
20.15748,5000,10,0.07250508579254179,0.277,0.09646800100638356,10000
20.40945,5000,10,0.07925213136033658,0.2793333333333333,0.12021158282393646,10000
20.66142,5000,10,0.07209253997492109,0.2796666666666667,0.11280252825487663,10000
27.71654,5000,10,0.07352699532615635,0.27366666666666667,0.09094789821070431,10000
26.20473,5000,10,0.07862874529098228,0.2643333333333333,0.12821138439632573,10000
27.46457,5000,10,0.08191812096660779,0.2776666666666667,0.1299022997984114,10000
27.2126,5000,10,0.07603455495442957,0.281,0.10851637224928906,10000
28.72441,5000,10,0.07940726048953266,0.2733333333333333,0.10058593360724664,10000
29.48032,5000,10,0.08463999428236248,0.265,0.1226879486587602,10000
28.47244,5000,10,0.07579662459046492,0.279,0.09499315068736362,10000
29.73228,5000,10,0.07923930235316812,0.26866666666666666,0.10170376211333748,10000
28.97638,5000,10,0.07834093925005711,0.2793333333333333,0.09936133385126064,10000
28.22047,5000,10,0.07861260404454992,0.2776666666666667,0.11605650270241556,10000
30.23622,5000,10,0.06788658138229706,0.285,0.09145123079652955,10000
24.18898,5000,10,0.08130575029809646,0.27266666666666667,0.13528184222058587,10000
24.44095,5000,10,0.07726946181490423,0.281,0.10873961469380909,10000
24.69292,5000,10,0.07500283746273695,0.271,0.10077485827274071,10000
25.70079,5000,10,0.08611623970700247,0.27066666666666667,0.13260934193102894,10000
25.95276,5000,10,0.08229518493829631,0.2733333333333333,0.12000815178816722,10000
26.96063,5000,10,0.07323235461682553,0.264,0.11599729273682395,10000
27.96851,5000,10,0.08530504957148098,0.2653333333333333,0.1305424376107215,10000
26.45669,5000,10,0.0844487617586364,0.286,0.11740250240400378,10000
26.70866,5000,10,0.07587441425038793,0.2683333333333333,0.10690572339921496,10000
29.22835,5000,10,0.07676279045857833,0.263,0.10974997716823325,10000
29.98425,5000,10,0.07000558596574552,0.26666666666666666,0.09176672697619928,10000
0.0,0,10,0.08748956894452597,0.19766666666666666,0.13103005420390235,5000
30.48819,5000,10,0.0750838996192789,0.27266666666666667,0.11903585053349731,10000
25.19685,5000,10,0.0798993425333157,0.2663333333333333,0.12198779414259939,10000
24.94488,5000,10,0.07505762344282443,0.2816666666666667,0.0936664402253602,10000
25.44882,5000,10,0.07744381584008964,0.26166666666666666,0.10629551987650114,10000
30.74016,5000,10,0.08182988150900958,0.27166666666666667,0.13176913059370665,10000
31.24409,5000,10,0.085062737444343,0.24966666666666668,0.12457106240588835,10000
30.99213,5000,10,0.08499833263858979,0.277,0.136933696675364,10000
32.0,5000,10,0.07560045725134554,0.27,0.1072173212721588,10000
31.49606,5000,10,0.080545253765142,0.2683333333333333,0.11818227718131208,10000
31.74803,5000,10,0.07633993366002614,0.2713333333333333,0.1368834376352266,10000
-4.78266,5000,10,0.08337092967984998,0.23933333333333334,0.12835088632262015,10000
-5.21744,5000,10,0.07880816108237694,0.24833333333333332,0.1207292493349663,10000
-4.34788,5000,10,0.07896612143293924,0.25166666666666665,0.11151641531807249,10000
-3.47833,5000,10,0.11603858720089068,0.3413333333333333,0.21791556703524964,10000
-3.9131,5000,10,0.09604763532397724,0.428,0.1461191972638763,10000
-5.65222,5000,10,0.07944747089742532,0.23966666666666667,0.11305581855635959,10000
-1.30443,5000,10,0.10389919939058098,0.21966666666666668,0.15601024974294456,10000
-0.0001,5000,10,0.07311159371928382,0.16233333333333333,0.09130294743729488,10000
-0.43488,5000,10,0.05862348476927427,0.16266666666666665,0.08980437708908608,10000
-2.60877,5000,10,0.09883894236211703,0.2786666666666667,0.17877051720489778,10000
-3.04355,5000,10,0.09435795685004168,0.345,0.18282832870158758,10000
-0.86966,5000,10,0.06655762957997997,0.119,0.10310102706048027,10000
-2.17399,5000,10,0.11637009527495042,0.2783333333333333,0.20346332193914166,10000
-1.73921,5000,10,0.0902491756479726,0.20733333333333334,0.1345745656780503,10000
-6.087,5000,10,0.08906681620078025,0.23566666666666666,0.14490654422484564,10000
-6.52177,5000,10,0.08440990918454036,0.235,0.1259693360812425,10000
-6.95655,5000,10,0.08980832714166728,0.23633333333333334,0.14577192357080607,10000
-7.39133,5000,10,0.08403803195673942,0.23233333333333334,0.12773561859480426,10000
-7.82611,5000,10,0.09020905620775588,0.24266666666666667,0.123482406887214,10000
-8.69567,5000,10,0.07731356796464182,0.23933333333333334,0.11230938243513493,10000
-8.26089,5000,10,0.07825891010880631,0.24533333333333332,0.11909609286240323,10000
-9.56522,5000,10,0.08124683496854446,0.21933333333333332,0.11537693282912242,10000
-10.0,5000,10,0.08015029026974829,0.24333333333333335,0.10797913705750241,10000
21.41733,5000,10,0.07828935880840969,0.26466666666666666,0.10905161919079423,10000
21.92126,5000,10,0.08004319422609181,0.2833333333333333,0.13059872375218265,10000
21.66929,5000,10,0.07852026356224075,0.26566666666666666,0.12819123440348984,10000
22.17323,5000,10,0.0744639256246306,0.2806666666666667,0.11321826759448476,10000
22.92914,5000,10,0.07644378876077632,0.273,0.10738877429295406,10000
22.67717,5000,10,0.07009232936556359,0.28,0.09198713431813182,10000
22.4252,5000,10,0.0809129601556204,0.2823333333333333,0.11813528546656397,10000
23.43307,5000,10,0.07848313117983584,0.27366666666666667,0.1182547779249486,10000
23.68504,5000,10,0.08035492880317277,0.2643333333333333,0.11389566937598844,10000
23.18111,5000,10,0.07107917306815263,0.26766666666666666,0.10746137565167957,10000
23.93701,5000,10,0.07393808492835445,0.26766666666666666,0.10220419848675144,10000
-9.13044,5000,10,0.07775789329742051,0.23366666666666666,0.12115355856802466,10000
