[ikvasilev@sms results]$ cat all_experiments_h10.csv
Experiment,Recipient_Size,Donor_R,Donor_Size,rmse_01,np_01,mape_01,rmse_03,np_03,mape_03
EXP1_CLEAR,10000,None,0,0.027634,0.262000,0.038266,0.043639,0.114000,0.049294
EXP1_CLEAR,13043,None,0,0.051326,0.232000,0.041527,0.069458,0.109000,0.065221
EXP1_CLEAR,16086,None,0,0.034384,0.255000,0.038956,0.050184,0.106000,0.053977
EXP1_CLEAR,19130,None,0,0.034353,0.233000,0.040433,0.051119,0.095000,0.061485
EXP1_CLEAR,22173,None,0,0.020719,0.204000,0.032675,0.041854,0.088000,0.057220
EXP1_CLEAR,25217,None,0,0.018827,0.199000,0.032874,0.027256,0.085000,0.040291
EXP1_CLEAR,28260,None,0,0.020117,0.145000,0.029374,0.034168,0.059000,0.038627
EXP1_CLEAR,31304,None,0,0.021136,0.159000,0.028145,0.033325,0.063000,0.037649
EXP1_CLEAR,34347,None,0,0.022546,0.129000,0.028665,0.042436,0.044000,0.036423
EXP1_CLEAR,37391,None,0,0.015721,0.113000,0.028382,0.031255,0.049000,0.036063
EXP1_CLEAR,40434,None,0,0.017909,0.120000,0.025795,0.029788,0.052000,0.033438
EXP2_MIX,0,27.9000,10000,0.055925,0.272000,0.072466,0.061718,0.130000,0.075877
EXP2_MIX,909,27.9000,9091,0.158422,0.390000,0.275872,0.164034,0.277000,0.307282
EXP1_CLEAR,46521,None,0,0.025685,0.090000,0.030373,0.038938,0.026000,0.036025
EXP2_MIX,1818,27.9000,8182,0.087627,0.336000,0.127644,0.108325,0.164000,0.178379
EXP2_MIX,2727,27.9000,7273,0.090878,0.350000,0.137912,0.092372,0.213000,0.146568
EXP2_MIX,3636,27.9000,6364,0.083767,0.257000,0.107559,0.074610,0.129000,0.093289
EXP1_CLEAR,43478,None,0,0.021381,0.132000,0.024801,0.036477,0.059000,0.040691
EXP2_MIX,4545,27.9000,5455,0.040016,0.298000,0.057742,0.048567,0.133000,0.070452
EXP2_MIX,5454,27.9000,4546,0.064485,0.297000,0.067868,0.055444,0.148000,0.067009
EXP2_MIX,7272,27.9000,2728,0.056365,0.255000,0.058646,0.075086,0.133000,0.090468
EXP2_MIX,6363,27.9000,3637,0.046740,0.258000,0.044761,0.056785,0.134000,0.055903
EXP1_CLEAR,49565,None,0,0.022249,0.089000,0.030253,0.039459,0.030000,0.050787
EXP2_MIX,8181,27.9000,1819,0.048158,0.284000,0.045241,0.058990,0.127000,0.070770
EXP2_MIX,9090,27.9000,910,0.046214,0.288000,0.060774,0.059028,0.145000,0.072745
EXP2_MIX,10000,None,0,0.027634,0.262000,0.038266,0.043639,0.114000,0.049294
EXP2_MIX,0,28.0001,10000,0.059406,0.292000,0.088142,0.068111,0.152000,0.097821
EXP2_MIX,909,28.0001,9091,0.093327,0.325000,0.119466,0.099518,0.187000,0.129140
EXP2_MIX,1818,28.0001,8182,0.055249,0.314000,0.087544,0.063701,0.146000,0.104893
EXP1_CLEAR,52608,None,0,0.024738,0.087000,0.028814,0.029404,0.036000,0.035794
EXP2_MIX,3636,28.0001,6364,0.120372,0.365000,0.176449,0.121982,0.224000,0.208694
EXP2_MIX,2727,28.0001,7273,0.043731,0.302000,0.057968,0.062328,0.159000,0.078671
EXP2_MIX,5454,28.0001,4546,0.074007,0.314000,0.064898,0.067660,0.164000,0.074780
EXP2_MIX,6363,28.0001,3637,0.046301,0.302000,0.044135,0.056404,0.141000,0.066260
EXP2_MIX,4545,28.0001,5455,0.037566,0.339000,0.054793,0.053143,0.176000,0.071684
EXP2_MIX,7272,28.0001,2728,0.062776,0.268000,0.061737,0.086174,0.142000,0.083159
EXP2_MIX,9090,28.0001,910,0.053247,0.289000,0.066704,0.063107,0.155000,0.074952
EXP2_MIX,8181,28.0001,1819,0.045417,0.279000,0.045782,0.057705,0.141000,0.062991
EXP2_MIX,10000,None,0,0.027634,0.262000,0.038266,0.043639,0.114000,0.049294
EXP2_MIX,0,28.0100,10000,0.091240,0.352000,0.127970,0.111120,0.203000,0.172031
EXP2_MIX,909,28.0100,9091,0.219354,0.461000,0.430003,0.224021,0.357000,0.470315
EXP1_CLEAR,58695,None,0,0.024606,0.090000,0.029876,0.030038,0.038000,0.035355
EXP2_MIX,1818,28.0100,8182,0.153883,0.469000,0.292876,0.169369,0.338000,0.337383
EXP2_MIX,2727,28.0100,7273,0.062665,0.255000,0.074717,0.053815,0.144000,0.074492
EXP1_CLEAR,55652,None,0,0.029547,0.086000,0.034658,0.036784,0.031000,0.041139
EXP2_MIX,3636,28.0100,6364,0.112811,0.337000,0.156085,0.119862,0.198000,0.167650
EXP2_MIX,4545,28.0100,5455,0.047707,0.357000,0.051918,0.051854,0.178000,0.071505
EXP2_MIX,5454,28.0100,4546,0.060955,0.332000,0.056145,0.067469,0.155000,0.066585
EXP2_MIX,6363,28.0100,3637,0.044255,0.317000,0.046266,0.069398,0.156000,0.062586
EXP2_MIX,7272,28.0100,2728,0.089846,0.318000,0.078315,0.088697,0.172000,0.081324
EXP2_MIX,8181,28.0100,1819,0.063424,0.292000,0.067861,0.070234,0.162000,0.067922
EXP1_CLEAR,61739,None,0,0.019540,0.088000,0.034452,0.028117,0.025000,0.041078
EXP2_MIX,9090,28.0100,910,0.051679,0.277000,0.062712,0.054150,0.134000,0.069613
EXP2_MIX,10000,None,0,0.027634,0.262000,0.038266,0.043639,0.114000,0.049294
EXP2_MIX,0,28.1000,10000,0.072489,0.299000,0.066432,0.080393,0.158000,0.091428
EXP2_MIX,909,28.1000,9091,0.182601,0.482000,0.341774,0.181858,0.378000,0.355970
EXP2_MIX,3636,28.1000,6364,0.048907,0.280000,0.060341,0.046330,0.163000,0.071653
EXP2_MIX,2727,28.1000,7273,0.119699,0.383000,0.201072,0.137234,0.220000,0.256787
EXP2_MIX,1818,28.1000,8182,0.116606,0.440000,0.193628,0.129915,0.286000,0.233012
EXP2_MIX,5454,28.1000,4546,0.053686,0.332000,0.048602,0.051672,0.144000,0.057040
EXP2_MIX,4545,28.1000,5455,0.062716,0.333000,0.078728,0.062599,0.153000,0.076300
EXP2_MIX,7272,28.1000,2728,0.052061,0.285000,0.048053,0.076989,0.145000,0.069542
EXP2_MIX,6363,28.1000,3637,0.044381,0.280000,0.043783,0.062808,0.124000,0.058826
EXP2_MIX,8181,28.1000,1819,0.069555,0.285000,0.053390,0.073253,0.146000,0.067017
EXP2_MIX,9090,28.1000,910,0.044802,0.299000,0.052593,0.052005,0.150000,0.058598
EXP2_MIX,10000,None,0,0.027634,0.262000,0.038266,0.043639,0.114000,0.049294
EXP3_HYBRID,10000,None,0,0.027634,0.262000,0.038266,0.043639,0.114000,0.049294
EXP3_HYBRID,10000,27.9000,1304,0.024396,0.244000,0.036604,0.050807,0.084000,0.056927
EXP1_CLEAR,64782,None,0,0.013463,0.080000,0.026240,0.020992,0.027000,0.029654
EXP3_HYBRID,10000,27.9000,3913,0.022957,0.236000,0.032301,0.052942,0.097000,0.054795
EXP3_HYBRID,10000,27.9000,2608,0.019232,0.244000,0.033849,0.051891,0.097000,0.058854
EXP3_HYBRID,10000,27.9000,5217,0.036666,0.202000,0.044826,0.042395,0.097000,0.054972
EXP3_HYBRID,10000,27.9000,6521,0.038720,0.204000,0.033257,0.049819,0.089000,0.041548
EXP3_HYBRID,10000,27.9000,7826,0.036896,0.200000,0.032461,0.055444,0.098000,0.048984
EXP3_HYBRID,10000,27.9000,9130,0.020896,0.193000,0.033152,0.042425,0.078000,0.043262
EXP3_HYBRID,10000,27.9000,10434,0.016061,0.189000,0.031745,0.042082,0.079000,0.040516
EXP3_HYBRID,10000,27.9000,11739,0.015575,0.163000,0.030235,0.026641,0.072000,0.039408
EXP1_CLEAR,67826,None,0,0.016538,0.082000,0.029813,0.033005,0.024000,0.037686
EXP3_HYBRID,10000,27.9000,13043,0.016939,0.182000,0.032021,0.027830,0.071000,0.041138
EXP3_HYBRID,10000,None,0,0.027634,0.262000,0.038266,0.043639,0.114000,0.049294
EXP3_HYBRID,10000,27.9000,14347,0.017804,0.174000,0.032621,0.027407,0.069000,0.040391
EXP3_HYBRID,10000,27.9900,1304,0.043919,0.252000,0.038444,0.054499,0.114000,0.046529
EXP3_HYBRID,10000,27.9900,2608,0.054730,0.267000,0.040832,0.051957,0.094000,0.050171
EXP3_HYBRID,10000,27.9000,15652,0.021734,0.181000,0.032326,0.024445,0.074000,0.038129
EXP1_CLEAR,70869,None,0,0.023145,0.065000,0.029009,0.025963,0.025000,0.033976
EXP3_HYBRID,10000,27.9000,16956,0.022187,0.160000,0.032149,0.025088,0.070000,0.038442
EXP3_HYBRID,10000,27.9000,18260,0.015139,0.167000,0.030874,0.025039,0.063000,0.038685
EXP3_HYBRID,10000,27.9900,5217,0.023146,0.213000,0.034277,0.040613,0.098000,0.043201
EXP3_HYBRID,10000,27.9900,3913,0.019607,0.229000,0.032325,0.028205,0.093000,0.042791
EXP3_HYBRID,10000,27.9000,19565,0.025519,0.149000,0.032481,0.025875,0.055000,0.038311
EXP3_HYBRID,10000,27.9000,20869,0.022174,0.143000,0.032785,0.026676,0.067000,0.037568
EXP3_HYBRID,10000,27.9900,6521,0.018558,0.204000,0.031443,0.029273,0.087000,0.040193
EXP3_HYBRID,10000,27.9900,7826,0.016878,0.178000,0.032388,0.033266,0.075000,0.048340
EXP3_HYBRID,10000,27.9000,22173,0.022512,0.142000,0.032205,0.026201,0.064000,0.037469
EXP3_HYBRID,10000,27.9000,24782,0.022769,0.131000,0.033208,0.025573,0.045000,0.037303
EXP3_HYBRID,10000,27.9900,10434,0.015585,0.177000,0.029885,0.028874,0.071000,0.042598
EXP3_HYBRID,10000,27.9900,9130,0.024785,0.189000,0.036167,0.032775,0.072000,0.044176
EXP3_HYBRID,10000,27.9000,26086,0.022129,0.130000,0.032855,0.026176,0.049000,0.038270
EXP3_HYBRID,10000,27.9000,23478,0.021160,0.141000,0.031796,0.025355,0.060000,0.038494
EXP3_HYBRID,10000,27.9900,11739,0.015887,0.193000,0.031843,0.038268,0.074000,0.040110
EXP3_HYBRID,10000,27.9000,27391,0.018260,0.109000,0.033288,0.025729,0.049000,0.038480
EXP1_CLEAR,76956,None,0,0.030665,0.097000,0.034344,0.052277,0.035000,0.053687
EXP1_CLEAR,73913,None,0,0.020656,0.054000,0.033239,0.022820,0.015000,0.035930
EXP3_HYBRID,10000,27.9900,13043,0.036902,0.173000,0.032913,0.041934,0.076000,0.040754
EXP3_HYBRID,10000,27.9000,28695,0.023826,0.109000,0.034933,0.027347,0.050000,0.039303
EXP3_HYBRID,10000,27.9900,14347,0.016066,0.162000,0.030808,0.041902,0.063000,0.038617
EXP3_HYBRID,10000,27.9000,30000,0.024997,0.112000,0.034989,0.028042,0.042000,0.041247
EXP3_HYBRID,10000,None,0,0.027634,0.262000,0.038266,0.043639,0.114000,0.049294
EXP3_HYBRID,10000,27.9900,15652,0.016095,0.170000,0.031896,0.039672,0.067000,0.043881
EXP3_HYBRID,10000,27.9900,16956,0.026804,0.168000,0.032496,0.039200,0.059000,0.040340
EXP3_HYBRID,10000,28.0001,1304,0.038007,0.271000,0.036773,0.043400,0.105000,0.047811
EXP3_HYBRID,10000,28.0001,2608,0.025882,0.247000,0.037877,0.043314,0.111000,0.048162
EXP3_HYBRID,10000,28.0001,3913,0.031353,0.264000,0.035330,0.044119,0.105000,0.046919
EXP3_HYBRID,10000,27.9900,18260,0.021236,0.152000,0.030891,0.035914,0.061000,0.044220
EXP1_CLEAR,80000,None,0,0.023293,0.076000,0.028836,0.031655,0.029000,0.035917
EXP3_HYBRID,10000,28.0001,5217,0.041353,0.247000,0.036325,0.056019,0.104000,0.051398
EXP3_HYBRID,10000,28.0001,6521,0.023348,0.230000,0.038709,0.055185,0.086000,0.055551
EXP3_HYBRID,10000,28.0001,7826,0.040104,0.230000,0.042149,0.049308,0.086000,0.056626
EXP3_HYBRID,10000,27.9900,20869,0.021356,0.146000,0.029128,0.043024,0.056000,0.042582
EXP3_HYBRID,10000,27.9900,19565,0.020979,0.155000,0.029040,0.031467,0.078000,0.041191
EXP3_HYBRID,10000,27.9900,22173,0.015928,0.140000,0.028937,0.030550,0.063000,0.041606
EXP3_HYBRID,10000,28.0001,9130,0.042621,0.224000,0.043700,0.052146,0.092000,0.059261
EXP3_HYBRID,10000,28.0001,10434,0.027468,0.209000,0.040994,0.054770,0.078000,0.075112
EXP3_HYBRID,10000,28.0001,11739,0.029098,0.199000,0.040823,0.045406,0.079000,0.064551
EXP3_HYBRID,10000,27.9900,24782,0.016334,0.138000,0.030629,0.022730,0.054000,0.036379
EXP3_HYBRID,10000,28.0001,13043,0.027665,0.198000,0.043538,0.049921,0.081000,0.065453
EXP3_HYBRID,10000,27.9900,27391,0.017004,0.120000,0.030735,0.038166,0.052000,0.036706
EXP3_HYBRID,10000,28.0001,14347,0.028364,0.204000,0.043016,0.052750,0.078000,0.073060
EXP3_HYBRID,10000,None,0,0.027634,0.262000,0.038266,0.043639,0.114000,0.049294
EXP3_HYBRID,10000,27.9900,23478,0.016300,0.140000,0.030212,0.023266,0.056000,0.036416
EXP3_HYBRID,10000,28.0001,15652,0.025071,0.190000,0.043330,0.063755,0.071000,0.085981
EXP3_HYBRID,10000,27.9900,28695,0.017865,0.120000,0.030599,0.026246,0.049000,0.034903
EXP3_HYBRID,10000,28.0100,1304,0.025060,0.276000,0.034634,0.050098,0.097000,0.052533
EXP3_HYBRID,10000,28.0001,16956,0.026461,0.189000,0.045336,0.059177,0.071000,0.087418
EXP3_HYBRID,10000,27.9900,30000,0.019881,0.118000,0.032135,0.024278,0.045000,0.035820
EXP3_HYBRID,10000,28.0100,2608,0.025244,0.250000,0.031358,0.042002,0.108000,0.049407
EXP3_HYBRID,10000,28.0001,18260,0.028701,0.176000,0.045878,0.062938,0.069000,0.086392
EXP3_HYBRID,10000,28.0100,3913,0.029106,0.263000,0.032693,0.047643,0.098000,0.046880
EXP3_HYBRID,10000,28.0001,19565,0.026113,0.183000,0.044251,0.049872,0.078000,0.067339
EXP3_HYBRID,10000,27.9900,26086,0.017173,0.130000,0.030107,0.024524,0.059000,0.035313
EXP3_HYBRID,10000,28.0001,20869,0.024240,0.169000,0.043131,0.060801,0.056000,0.082728
EXP3_HYBRID,10000,28.0100,5217,0.023243,0.253000,0.032564,0.052554,0.109000,0.044703
EXP3_HYBRID,10000,28.0001,22173,0.028595,0.166000,0.043831,0.055164,0.056000,0.076746
EXP3_HYBRID,10000,28.0001,23478,0.026026,0.176000,0.045747,0.063937,0.067000,0.089536
EXP3_HYBRID,10000,28.0100,7826,0.040026,0.239000,0.052680,0.053338,0.101000,0.073715
EXP3_HYBRID,10000,28.0100,6521,0.021566,0.254000,0.031755,0.051127,0.113000,0.046152
EXP2_MIX,10000,None,0,0.027634,0.262000,0.038266,0.043639,0.114000,0.049294
EXP2_MIX,10000,None,0,0.027634,0.262000,0.038266,0.043639,0.114000,0.049294
EXP2_MIX,10000,None,0,0.027634,0.262000,0.038266,0.043639,0.114000,0.049294
EXP2_MIX,10000,None,0,0.027634,0.262000,0.038266,0.043639,0.114000,0.049294
EXP3_HYBRID,10000,None,0,0.027634,0.262000,0.038266,0.043639,0.114000,0.049294
EXP3_HYBRID,10000,None,0,0.027634,0.262000,0.038266,0.043639,0.114000,0.049294
EXP3_HYBRID,10000,None,0,0.027634,0.262000,0.038266,0.043639,0.114000,0.049294
EXP3_HYBRID,10000,None,0,0.027634,0.262000,0.038266,0.043639,0.114000,0.049294
EXP3_HYBRID,10000,28.0100,9130,0.026269,0.224000,0.043387,0.060227,0.105000,0.086360
EXP3_HYBRID,10000,28.0100,10434,0.029452,0.222000,0.047422,0.060897,0.097000,0.085527
EXP3_HYBRID,10000,None,0,0.027634,0.262000,0.038266,0.043639,0.114000,0.049294
EXP3_HYBRID,10000,28.0100,11739,0.031611,0.203000,0.047111,0.053193,0.090000,0.073164
EXP3_HYBRID,10000,28.0100,14347,0.029637,0.212000,0.048138,0.070674,0.084000,0.100057
EXP3_HYBRID,10000,28.0100,15652,0.031678,0.197000,0.049871,0.059000,0.076000,0.083362
EXP3_HYBRID,10000,28.1000,1304,0.038257,0.243000,0.042067,0.050424,0.115000,0.052466
EXP3_HYBRID,10000,28.1000,2608,0.027391,0.225000,0.034286,0.050000,0.105000,0.049400
EXP3_HYBRID,10000,28.0100,13043,0.032021,0.214000,0.047493,0.056051,0.092000,0.073305
EXP3_HYBRID,10000,28.0100,18260,0.037856,0.192000,0.052820,0.063133,0.073000,0.080742
EXP3_HYBRID,10000,28.0100,16956,0.031402,0.177000,0.051792,0.057133,0.083000,0.087985
EXP3_HYBRID,10000,28.1000,3913,0.037925,0.215000,0.042418,0.031964,0.094000,0.039189
EXP3_HYBRID,10000,28.0100,19565,0.038546,0.186000,0.054660,0.068704,0.078000,0.098774
EXP3_HYBRID,10000,28.0100,20869,0.037711,0.190000,0.055103,0.059113,0.070000,0.084958
EXP3_HYBRID,10000,28.1000,5217,0.026856,0.235000,0.032602,0.035721,0.074000,0.042599
EXP3_HYBRID,10000,28.0001,27391,0.027693,0.150000,0.049093,0.047371,0.062000,0.064288
EXP3_HYBRID,10000,28.0001,24782,0.030156,0.162000,0.047419,0.052355,0.055000,0.071089
EXP3_HYBRID,10000,28.0100,22173,0.038285,0.176000,0.056633,0.070587,0.075000,0.109877
EXP3_HYBRID,10000,28.0001,26086,0.027899,0.158000,0.050051,0.047337,0.061000,0.069210
EXP3_HYBRID,10000,28.1000,6521,0.025203,0.236000,0.032470,0.048116,0.085000,0.047218
EXP3_HYBRID,10000,28.0100,23478,0.044129,0.177000,0.059975,0.071157,0.072000,0.107801
EXP3_HYBRID,10000,28.0001,28695,0.027596,0.151000,0.048199,0.043984,0.053000,0.061413
EXP3_HYBRID,10000,28.1000,7826,0.022047,0.227000,0.027795,0.043627,0.088000,0.053154
EXP3_HYBRID,10000,28.0100,24782,0.044355,0.167000,0.065389,0.071220,0.072000,0.098586
EXP3_HYBRID,10000,28.0001,30000,0.029160,0.143000,0.048737,0.045328,0.062000,0.062144
EXP3_HYBRID,10000,28.1000,9130,0.016831,0.234000,0.030587,0.024764,0.100000,0.039234
EXP3_HYBRID,10000,28.0100,27391,0.049839,0.158000,0.072247,0.080664,0.068000,0.116443
EXP3_HYBRID,10000,28.0100,28695,0.051375,0.157000,0.077718,0.070692,0.071000,0.103702
EXP3_HYBRID,10000,28.1000,10434,0.016537,0.254000,0.029621,0.035116,0.103000,0.043371
EXP3_HYBRID,10000,28.1000,11739,0.025432,0.217000,0.033310,0.038430,0.103000,0.043677
EXP3_HYBRID,10000,28.0100,30000,0.042525,0.181000,0.067794,0.068296,0.067000,0.100926
EXP3_HYBRID,10000,None,0,0.027634,0.262000,0.038266,0.043639,0.114000,0.049294
EXP3_HYBRID,10000,28.1000,13043,0.026732,0.193000,0.033738,0.037316,0.092000,0.044037
EXP3_HYBRID,10000,28.1000,14347,0.015160,0.200000,0.030064,0.043036,0.093000,0.054211
EXP3_HYBRID,10000,30.0000,1304,0.038804,0.282000,0.038865,0.042791,0.102000,0.048140
EXP3_HYBRID,10000,28.1000,15652,0.016113,0.178000,0.030389,0.039615,0.089000,0.050666
EXP3_HYBRID,10000,30.0000,2608,0.026128,0.279000,0.037169,0.046278,0.107000,0.049318
EXP3_HYBRID,10000,28.0100,26086,0.046465,0.172000,0.065656,0.073133,0.080000,0.101093
EXP3_HYBRID,10000,28.1000,16956,0.017106,0.193000,0.030375,0.045936,0.087000,0.048861
EXP3_HYBRID,10000,28.1000,18260,0.017512,0.186000,0.032236,0.038283,0.078000,0.046213
EXP3_HYBRID,10000,30.0000,3913,0.026498,0.285000,0.030540,0.046804,0.107000,0.045616
EXP3_HYBRID,10000,30.0000,5217,0.036256,0.288000,0.044840,0.042454,0.108000,0.043070
EXP3_HYBRID,10000,30.0000,6521,0.042164,0.307000,0.031181,0.052864,0.104000,0.044119
EXP3_HYBRID,10000,28.1000,19565,0.018235,0.175000,0.032372,0.036839,0.085000,0.044158
EXP3_HYBRID,10000,30.0000,7826,0.039126,0.302000,0.034173,0.052658,0.100000,0.044832
EXP3_HYBRID,10000,28.1000,20869,0.020207,0.178000,0.035498,0.034663,0.085000,0.045332
EXP3_HYBRID,10000,30.0000,9130,0.022860,0.286000,0.037909,0.057105,0.120000,0.051940
EXP3_HYBRID,10000,28.1000,22173,0.019989,0.156000,0.036192,0.047177,0.063000,0.060944
EXP3_HYBRID,10000,30.0000,10434,0.041321,0.348000,0.035234,0.055083,0.116000,0.050734
EXP3_HYBRID,10000,30.0000,11739,0.021386,0.333000,0.036224,0.056365,0.122000,0.057865
EXP3_HYBRID,10000,28.1000,23478,0.026287,0.172000,0.036927,0.046092,0.065000,0.057260
EXP3_HYBRID,10000,30.0000,13043,0.028406,0.327000,0.045844,0.062733,0.115000,0.062461
EXP3_HYBRID,10000,30.0000,14347,0.035361,0.331000,0.044834,0.076147,0.095000,0.069452
EXP3_HYBRID,10000,28.1000,24782,0.020477,0.164000,0.034644,0.042455,0.072000,0.050651
EXP3_HYBRID,10000,30.0000,15652,0.039121,0.301000,0.052568,0.066826,0.106000,0.076064
EXP3_HYBRID,10000,28.1000,26086,0.024286,0.155000,0.036676,0.050975,0.065000,0.068564
EXP3_HYBRID,10000,None,0,0.027634,0.262000,0.038266,0.043639,0.114000,0.049294
EXP3_HYBRID,10000,28.1000,27391,0.021911,0.150000,0.036922,0.046966,0.065000,0.061859
EXP3_HYBRID,10000,30.0000,16956,0.036191,0.331000,0.055098,0.055880,0.110000,0.072120
EXP3_HYBRID,10000,31.0000,1304,0.037535,0.275000,0.033136,0.042658,0.118000,0.044664
EXP3_HYBRID,10000,30.0000,18260,0.038178,0.337000,0.050659,0.061250,0.101000,0.078189
EXP3_HYBRID,10000,28.1000,28695,0.021006,0.152000,0.036844,0.034927,0.068000,0.046000
EXP3_HYBRID,10000,31.0000,2608,0.019477,0.297000,0.035103,0.047672,0.119000,0.050247
EXP3_HYBRID,10000,28.1000,30000,0.029118,0.147000,0.038592,0.049581,0.063000,0.061778
EXP3_HYBRID,10000,30.0000,19565,0.045968,0.318000,0.061475,0.076464,0.100000,0.082662
EXP3_HYBRID,10000,31.0000,3913,0.041070,0.332000,0.033594,0.052750,0.116000,0.044483
EXP3_HYBRID,10000,30.0000,20869,0.050887,0.309000,0.066644,0.068965,0.114000,0.081286
EXP3_HYBRID,10000,31.0000,5217,0.053308,0.352000,0.033717,0.051633,0.128000,0.041681
EXP3_HYBRID,10000,30.0000,22173,0.052212,0.292000,0.063346,0.073391,0.095000,0.084129
EXP3_HYBRID,10000,31.0000,6521,0.026383,0.364000,0.033515,0.064275,0.155000,0.045976
EXP3_HYBRID,10000,31.0000,7826,0.031529,0.436000,0.040225,0.058143,0.187000,0.045039
EXP3_HYBRID,10000,30.0000,23478,0.057395,0.279000,0.066268,0.081152,0.089000,0.094857
EXP3_HYBRID,10000,31.0000,9130,0.030903,0.419000,0.034643,0.053141,0.179000,0.039065
EXP3_HYBRID,10000,31.0000,10434,0.035360,0.456000,0.047919,0.058699,0.175000,0.055692
EXP3_HYBRID,10000,30.0000,24782,0.066741,0.272000,0.070834,0.082462,0.086000,0.097891
EXP3_HYBRID,10000,31.0000,11739,0.036715,0.473000,0.050582,0.062303,0.189000,0.053956
EXP3_HYBRID,10000,30.0000,26086,0.051257,0.294000,0.068477,0.077406,0.099000,0.089802
EXP3_HYBRID,10000,31.0000,13043,0.032997,0.483000,0.039704,0.058975,0.204000,0.061974
EXP3_HYBRID,10000,31.0000,14347,0.047140,0.511000,0.049213,0.053495,0.220000,0.061644
EXP3_HYBRID,10000,None,0,0.027634,0.262000,0.038266,0.043639,0.114000,0.049294
EXP3_HYBRID,10000,32.0000,1304,0.032858,0.271000,0.039691,0.044440,0.111000,0.048442
EXP3_HYBRID,10000,31.0000,15652,0.041247,0.498000,0.050859,0.061662,0.221000,0.065866
EXP3_HYBRID,10000,31.0000,16956,0.034409,0.490000,0.047269,0.053534,0.216000,0.064827
EXP3_HYBRID,10000,32.0000,2608,0.027941,0.317000,0.035844,0.041010,0.121000,0.051061
EXP3_HYBRID,10000,30.0000,28695,0.064495,0.270000,0.074128,0.077604,0.088000,0.094014
EXP3_HYBRID,10000,30.0000,27391,0.063143,0.279000,0.076517,0.073103,0.098000,0.092920
EXP3_HYBRID,10000,31.0000,18260,0.031851,0.502000,0.051130,0.058408,0.224000,0.071661
EXP3_HYBRID,10000,30.0000,30000,0.059847,0.256000,0.076834,0.074249,0.087000,0.091876
EXP3_HYBRID,10000,31.0000,19565,0.031779,0.527000,0.054102,0.062613,0.235000,0.071542
EXP3_HYBRID,10000,32.0000,3913,0.030324,0.338000,0.039185,0.041633,0.113000,0.046204
EXP3_HYBRID,10000,32.0000,5217,0.021538,0.348000,0.033593,0.041284,0.132000,0.045367
EXP3_HYBRID,10000,31.0000,20869,0.037677,0.517000,0.054564,0.059594,0.222000,0.071824
EXP3_HYBRID,10000,32.0000,6521,0.034901,0.365000,0.041008,0.043001,0.136000,0.044464
EXP3_HYBRID,10000,31.0000,22173,0.039956,0.497000,0.059961,0.068330,0.211000,0.080206
EXP3_HYBRID,10000,32.0000,7826,0.050490,0.394000,0.040512,0.042894,0.160000,0.044387
EXP3_HYBRID,10000,31.0000,23478,0.054873,0.506000,0.066405,0.073593,0.227000,0.083203
EXP3_HYBRID,10000,31.0000,24782,0.045630,0.486000,0.066230,0.081724,0.206000,0.090727
EXP3_HYBRID,10000,32.0000,9130,0.051837,0.430000,0.041177,0.052580,0.153000,0.046609
EXP3_HYBRID,10000,32.0000,10434,0.035189,0.459000,0.043967,0.040319,0.179000,0.042136
EXP3_HYBRID,10000,32.0000,11739,0.034925,0.470000,0.041761,0.042892,0.163000,0.045740
EXP3_HYBRID,10000,32.0000,13043,0.039827,0.499000,0.046871,0.042116,0.181000,0.046150
EXP3_HYBRID,10000,31.0000,26086,0.053027,0.501000,0.067259,0.078345,0.215000,0.091993
EXP3_HYBRID,10000,None,0,0.027634,0.262000,0.038266,0.043639,0.114000,0.049294
EXP3_HYBRID,10000,32.0000,14347,0.043618,0.507000,0.052153,0.031120,0.195000,0.047289
EXP3_HYBRID,10000,31.0000,27391,0.054633,0.491000,0.064508,0.087926,0.209000,0.099592
EXP3_HYBRID,10000,32.0000,15652,0.046793,0.528000,0.067901,0.031240,0.222000,0.050868
EXP3_HYBRID,10000,33.0000,1304,0.023941,0.269000,0.035944,0.035309,0.110000,0.047220
EXP3_HYBRID,10000,31.0000,28695,0.062026,0.474000,0.078281,0.086347,0.191000,0.105741
EXP3_HYBRID,10000,33.0000,2608,0.027000,0.295000,0.037234,0.051987,0.114000,0.054167
EXP3_HYBRID,10000,32.0000,16956,0.053730,0.540000,0.057368,0.037552,0.225000,0.054972
EXP3_HYBRID,10000,33.0000,3913,0.047635,0.300000,0.060769,0.045659,0.130000,0.050775
EXP3_HYBRID,10000,32.0000,18260,0.047211,0.550000,0.066708,0.049603,0.236000,0.062118
EXP3_HYBRID,10000,31.0000,30000,0.060326,0.489000,0.077231,0.089044,0.185000,0.110092
EXP3_HYBRID,10000,33.0000,5217,0.031758,0.340000,0.036315,0.045322,0.115000,0.048815
EXP3_HYBRID,10000,32.0000,19565,0.045804,0.569000,0.068255,0.035364,0.246000,0.059081
EXP3_HYBRID,10000,33.0000,6521,0.033913,0.347000,0.039548,0.046320,0.134000,0.048113
EXP3_HYBRID,10000,32.0000,20869,0.050637,0.550000,0.075801,0.055326,0.242000,0.085864
EXP3_HYBRID,10000,32.0000,23478,0.046248,0.578000,0.066278,0.049025,0.250000,0.073904
EXP3_HYBRID,10000,33.0000,7826,0.035336,0.387000,0.043945,0.046701,0.135000,0.048602
EXP3_HYBRID,10000,32.0000,22173,0.052565,0.574000,0.083310,0.048310,0.260000,0.071849
EXP3_HYBRID,10000,33.0000,9130,0.041310,0.411000,0.048143,0.048753,0.165000,0.052745
EXP3_HYBRID,10000,33.0000,10434,0.037613,0.445000,0.045852,0.046579,0.171000,0.048864
EXP3_HYBRID,10000,32.0000,24782,0.042071,0.591000,0.072063,0.060805,0.264000,0.090755
EXP3_HYBRID,10000,33.0000,11739,0.048389,0.470000,0.043072,0.056591,0.184000,0.045959
EXP3_HYBRID,10000,33.0000,13043,0.056681,0.480000,0.045863,0.050803,0.204000,0.048997
EXP3_HYBRID,10000,33.0000,14347,0.044731,0.502000,0.047988,0.061532,0.218000,0.060672
EXP3_HYBRID,10000,None,0,0.027634,0.262000,0.038266,0.043639,0.114000,0.049294
EXP3_HYBRID,10000,32.0000,26086,0.049808,0.578000,0.086358,0.055585,0.262000,0.081153
EXP3_HYBRID,10000,33.0000,15652,0.046756,0.534000,0.047795,0.054205,0.226000,0.055038
EXP3_HYBRID,10000,34.0000,1304,0.041921,0.276000,0.039472,0.044937,0.103000,0.049224
EXP3_HYBRID,10000,32.0000,27391,0.065743,0.588000,0.093784,0.071502,0.280000,0.089006
EXP3_HYBRID,10000,33.0000,16956,0.063242,0.552000,0.079345,0.058264,0.243000,0.061383
EXP3_HYBRID,10000,34.0000,2608,0.023071,0.278000,0.036742,0.042776,0.114000,0.046030
EXP3_HYBRID,10000,34.0000,3913,0.032669,0.292000,0.038116,0.050166,0.117000,0.051079
EXP3_HYBRID,10000,33.0000,18260,0.054184,0.567000,0.061197,0.047115,0.260000,0.051964
EXP3_HYBRID,10000,32.0000,28695,0.048295,0.588000,0.079104,0.065329,0.261000,0.087427
EXP3_HYBRID,10000,34.0000,5217,0.033019,0.301000,0.044913,0.033619,0.137000,0.045976
EXP3_HYBRID,10000,32.0000,30000,0.051156,0.597000,0.094205,0.073415,0.277000,0.095665
EXP3_HYBRID,10000,33.0000,19565,0.056131,0.565000,0.064656,0.061281,0.278000,0.065261
EXP3_HYBRID,10000,33.0000,20869,0.068603,0.554000,0.089909,0.041485,0.261000,0.065346
EXP3_HYBRID,10000,34.0000,6521,0.025445,0.339000,0.041971,0.032972,0.123000,0.045254
EXP3_HYBRID,10000,33.0000,22173,0.069989,0.584000,0.090190,0.047137,0.293000,0.069878
EXP3_HYBRID,10000,34.0000,7826,0.040242,0.346000,0.049772,0.044547,0.128000,0.050815
EXP3_HYBRID,10000,34.0000,9130,0.037747,0.387000,0.048525,0.036258,0.136000,0.050973
EXP3_HYBRID,10000,33.0000,23478,0.058804,0.613000,0.084737,0.048584,0.284000,0.065420
EXP3_HYBRID,10000,34.0000,10434,0.030977,0.381000,0.040157,0.043706,0.141000,0.046797
EXP3_HYBRID,10000,33.0000,24782,0.071023,0.574000,0.089921,0.049322,0.306000,0.073246
EXP3_HYBRID,10000,34.0000,11739,0.035925,0.395000,0.048515,0.042055,0.147000,0.047559
EXP3_HYBRID,10000,33.0000,26086,0.079097,0.603000,0.094499,0.055913,0.301000,0.078577
EXP3_HYBRID,10000,33.0000,27391,0.076486,0.628000,0.092576,0.044528,0.298000,0.071488
EXP3_HYBRID,10000,34.0000,13043,0.034744,0.420000,0.042416,0.045077,0.152000,0.046805
EXP3_HYBRID,10000,None,0,0.027634,0.262000,0.038266,0.043639,0.114000,0.049294
EXP3_HYBRID,10000,35.0000,1304,0.026797,0.259000,0.039155,0.044468,0.110000,0.049632
EXP3_HYBRID,10000,34.0000,14347,0.033963,0.462000,0.038112,0.030083,0.155000,0.049046
EXP3_HYBRID,10000,34.0000,15652,0.036767,0.474000,0.042919,0.031820,0.163000,0.051073
EXP3_HYBRID,10000,35.0000,2608,0.024208,0.266000,0.036520,0.044357,0.105000,0.049821
EXP2_MIX,10000,None,0,0.027634,0.262000,0.038266,0.043639,0.114000,0.049294
EXP2_MIX,10000,None,0,0.027634,0.262000,0.038266,0.043639,0.114000,0.049294
EXP3_HYBRID,10000,None,0,0.027634,0.262000,0.038266,0.043639,0.114000,0.049294
EXP2_MIX,10000,None,0,0.027634,0.262000,0.038266,0.043639,0.114000,0.049294
EXP2_MIX,10000,None,0,0.027634,0.262000,0.038266,0.043639,0.114000,0.049294
EXP3_HYBRID,10000,None,0,0.027634,0.262000,0.038266,0.043639,0.114000,0.049294
EXP3_HYBRID,10000,None,0,0.027634,0.262000,0.038266,0.043639,0.114000,0.049294
EXP3_HYBRID,10000,None,0,0.027634,0.262000,0.038266,0.043639,0.114000,0.049294
EXP3_HYBRID,10000,None,0,0.027634,0.262000,0.038266,0.043639,0.114000,0.049294
EXP3_HYBRID,10000,None,0,0.027634,0.262000,0.038266,0.043639,0.114000,0.049294
EXP3_HYBRID,10000,None,0,0.027634,0.262000,0.038266,0.043639,0.114000,0.049294
EXP3_HYBRID,10000,None,0,0.027634,0.262000,0.038266,0.043639,0.114000,0.049294
EXP3_HYBRID,10000,None,0,0.027634,0.262000,0.038266,0.043639,0.114000,0.049294
EXP3_HYBRID,10000,None,0,0.027634,0.262000,0.038266,0.043639,0.114000,0.049294
EXP3_HYBRID,10000,None,0,0.027634,0.262000,0.038266,0.043639,0.114000,0.049294
EXP3_HYBRID,10000,35.0000,3913,0.024263,0.268000,0.035344,0.043623,0.103000,0.047855
EXP3_HYBRID,10000,35.0000,5217,0.031307,0.285000,0.039798,0.043826,0.119000,0.046185
EXP3_HYBRID,10000,35.0000,6521,0.020971,0.312000,0.037322,0.050269,0.120000,0.057093
EXP3_HYBRID,10000,35.0000,7826,0.029908,0.322000,0.038064,0.043577,0.126000,0.045395
EXP3_HYBRID,10000,35.0000,9130,0.029645,0.347000,0.041879,0.060733,0.118000,0.055140
EXP3_HYBRID,10000,34.0000,16956,0.036693,0.503000,0.044144,0.029602,0.199000,0.048657
EXP3_HYBRID,10000,35.0000,10434,0.040169,0.394000,0.047429,0.048096,0.140000,0.049448
EXP3_HYBRID,10000,34.0000,18260,0.057131,0.507000,0.072404,0.036614,0.194000,0.051815
EXP3_HYBRID,10000,35.0000,11739,0.026025,0.402000,0.039839,0.058148,0.141000,0.058078
EXP3_HYBRID,10000,34.0000,20869,0.051073,0.543000,0.064508,0.038937,0.226000,0.055783
EXP3_HYBRID,10000,35.0000,13043,0.026546,0.429000,0.034842,0.055188,0.155000,0.054352
EXP3_HYBRID,10000,34.0000,23478,0.061625,0.536000,0.079663,0.040555,0.245000,0.058094
EXP3_HYBRID,10000,35.0000,15652,0.043652,0.455000,0.045366,0.051523,0.160000,0.052723
EXP3_HYBRID,10000,34.0000,22173,0.058674,0.541000,0.067136,0.037355,0.230000,0.056799
EXP3_HYBRID,10000,35.0000,14347,0.037620,0.431000,0.043650,0.058299,0.154000,0.059111
EXP3_HYBRID,10000,34.0000,19565,0.072750,0.525000,0.103454,0.037575,0.209000,0.053794
EXP3_HYBRID,10000,33.0000,28695,0.066048,0.627000,0.091371,0.056051,0.304000,0.091632
EXP3_HYBRID,10000,34.0000,24782,0.064826,0.593000,0.067488,0.042879,0.274000,0.062266
EXP3_HYBRID,10000,34.0000,26086,0.068802,0.586000,0.076140,0.043967,0.285000,0.063553
EXP3_HYBRID,10000,34.0000,27391,0.072185,0.593000,0.090652,0.045196,0.287000,0.063896
EXP3_HYBRID,10000,None,0,0.027634,0.262000,0.038266,0.043639,0.114000,0.049294
EXP3_HYBRID,10000,34.0000,28695,0.079924,0.644000,0.097306,0.046807,0.321000,0.068429
EXP3_HYBRID,10000,36.0000,1304,0.021652,0.296000,0.036906,0.043656,0.117000,0.048698
EXP3_HYBRID,10000,34.0000,30000,0.081120,0.643000,0.102535,0.051881,0.351000,0.070503
EXP3_HYBRID,10000,35.0000,16956,0.044667,0.445000,0.048427,0.056449,0.181000,0.054157
EXP3_HYBRID,10000,33.0000,30000,0.078939,0.615000,0.145325,0.068819,0.314000,0.099565
EXP3_HYBRID,10000,36.0000,2608,0.027966,0.292000,0.039761,0.048657,0.119000,0.053198
EXP3_HYBRID,10000,36.0000,3913,0.042303,0.307000,0.040111,0.042176,0.125000,0.044819
EXP3_HYBRID,10000,35.0000,18260,0.044992,0.491000,0.044338,0.052324,0.176000,0.050613
EXP3_HYBRID,10000,36.0000,5217,0.030629,0.308000,0.037768,0.040685,0.131000,0.042956
EXP3_HYBRID,10000,35.0000,19565,0.051627,0.510000,0.044469,0.050689,0.223000,0.051104
EXP3_HYBRID,10000,36.0000,6521,0.024505,0.324000,0.036431,0.048737,0.123000,0.049988
EXP3_HYBRID,10000,36.0000,7826,0.023260,0.316000,0.039031,0.032067,0.120000,0.043538
EXP3_HYBRID,10000,36.0000,9130,0.034318,0.325000,0.040109,0.043575,0.117000,0.046044
EXP3_HYBRID,10000,35.0000,20869,0.068122,0.521000,0.082361,0.051524,0.221000,0.049390
EXP3_HYBRID,10000,35.0000,23478,0.060160,0.553000,0.056344,0.050527,0.258000,0.052143
EXP3_HYBRID,10000,36.0000,10434,0.048392,0.337000,0.046704,0.031311,0.118000,0.043673
EXP3_HYBRID,10000,35.0000,22173,0.048080,0.536000,0.048931,0.048640,0.231000,0.052691
EXP3_HYBRID,10000,36.0000,11739,0.025986,0.358000,0.040027,0.046068,0.126000,0.046711
EXP3_HYBRID,10000,35.0000,24782,0.050524,0.577000,0.051779,0.049243,0.251000,0.052114
EXP3_HYBRID,10000,36.0000,13043,0.044494,0.369000,0.049766,0.042997,0.131000,0.045064
EXP3_HYBRID,10000,35.0000,26086,0.054724,0.565000,0.058447,0.037477,0.277000,0.054103
EXP3_HYBRID,10000,36.0000,14347,0.040606,0.395000,0.040629,0.044345,0.139000,0.046674
EXP3_HYBRID,10000,None,0,0.027634,0.262000,0.038266,0.043639,0.114000,0.049294
EXP3_HYBRID,10000,36.0000,15652,0.041657,0.390000,0.044371,0.043637,0.134000,0.047429
EXP3_HYBRID,10000,37.0000,1304,0.045391,0.280000,0.042969,0.046301,0.108000,0.051437
EXP3_HYBRID,10000,35.0000,27391,0.062603,0.575000,0.078948,0.033745,0.301000,0.047041
EXP3_HYBRID,10000,36.0000,16956,0.039817,0.435000,0.042321,0.042817,0.141000,0.045691
EXP3_HYBRID,10000,37.0000,2608,0.041492,0.276000,0.039969,0.051840,0.113000,0.048077
EXP3_HYBRID,10000,36.0000,18260,0.047061,0.431000,0.053746,0.050063,0.167000,0.043468
EXP3_HYBRID,10000,37.0000,3913,0.026212,0.270000,0.037295,0.043932,0.107000,0.047590
EXP3_HYBRID,10000,36.0000,19565,0.038156,0.467000,0.045782,0.044501,0.157000,0.047723
EXP3_HYBRID,10000,35.0000,28695,0.067892,0.607000,0.083252,0.034435,0.320000,0.046237
EXP3_HYBRID,10000,35.0000,30000,0.062314,0.616000,0.066893,0.043137,0.298000,0.059525
EXP3_HYBRID,10000,37.0000,5217,0.028950,0.306000,0.038244,0.043875,0.115000,0.047016
EXP3_HYBRID,10000,36.0000,20869,0.055662,0.448000,0.052663,0.036483,0.169000,0.048190
EXP3_HYBRID,10000,37.0000,6521,0.030361,0.314000,0.038195,0.043694,0.110000,0.048144
EXP3_HYBRID,10000,36.0000,22173,0.054159,0.484000,0.045473,0.045076,0.177000,0.046814
EXP3_HYBRID,10000,37.0000,7826,0.026536,0.299000,0.037169,0.042944,0.118000,0.047257
EXP3_HYBRID,10000,36.0000,23478,0.059619,0.483000,0.071413,0.032481,0.182000,0.048536
EXP3_HYBRID,10000,37.0000,9130,0.026901,0.316000,0.038006,0.042291,0.117000,0.046972
EXP3_HYBRID,10000,37.0000,10434,0.035651,0.321000,0.046768,0.044019,0.121000,0.046979
EXP3_HYBRID,10000,36.0000,24782,0.058060,0.511000,0.057511,0.046102,0.200000,0.051016
EXP3_HYBRID,10000,37.0000,11739,0.049958,0.360000,0.064254,0.052749,0.116000,0.058751
EXP3_HYBRID,10000,37.0000,13043,0.033042,0.345000,0.045874,0.042893,0.125000,0.048644
EXP3_HYBRID,10000,36.0000,26086,0.053957,0.527000,0.054972,0.047247,0.229000,0.054422
EXP3_HYBRID,10000,None,0,0.027634,0.262000,0.038266,0.043639,0.114000,0.049294
EXP3_HYBRID,10000,37.0000,14347,0.028747,0.371000,0.036477,0.045057,0.124000,0.048278
EXP3_HYBRID,10000,38.0000,1304,0.029640,0.267000,0.038900,0.042111,0.112000,0.048435
EXP3_HYBRID,10000,37.0000,15652,0.039195,0.366000,0.047536,0.040970,0.136000,0.045013
EXP3_HYBRID,10000,37.0000,16956,0.046099,0.403000,0.051754,0.042875,0.136000,0.048345
EXP3_HYBRID,10000,38.0000,2608,0.019410,0.273000,0.032203,0.043576,0.103000,0.048919
EXP3_HYBRID,10000,38.0000,3913,0.026131,0.262000,0.036259,0.044021,0.108000,0.048432
EXP3_HYBRID,10000,36.0000,27391,0.067301,0.531000,0.075334,0.032302,0.237000,0.048085
EXP3_HYBRID,10000,36.0000,28695,0.064527,0.556000,0.058656,0.035844,0.244000,0.048112
EXP3_HYBRID,10000,37.0000,18260,0.057334,0.380000,0.069162,0.044669,0.139000,0.047177
EXP3_HYBRID,10000,38.0000,5217,0.026164,0.275000,0.035815,0.043406,0.117000,0.048142
EXP3_HYBRID,10000,37.0000,19565,0.033155,0.403000,0.042105,0.045027,0.146000,0.047706
EXP3_HYBRID,10000,36.0000,30000,0.069207,0.542000,0.073696,0.037837,0.251000,0.052683
EXP3_HYBRID,10000,38.0000,6521,0.040882,0.274000,0.037770,0.043793,0.108000,0.048607
EXP3_HYBRID,10000,37.0000,20869,0.032204,0.433000,0.039038,0.031713,0.156000,0.043962
EXP3_HYBRID,10000,38.0000,7826,0.037858,0.298000,0.036846,0.041711,0.117000,0.046591
EXP3_HYBRID,10000,38.0000,9130,0.026433,0.300000,0.035914,0.044430,0.110000,0.048389
EXP3_HYBRID,10000,37.0000,22173,0.040172,0.438000,0.052144,0.046095,0.168000,0.052268
EXP3_HYBRID,10000,37.0000,23478,0.057251,0.462000,0.060000,0.049072,0.168000,0.053549
EXP3_HYBRID,10000,38.0000,10434,0.045253,0.297000,0.040153,0.042886,0.128000,0.045795
EXP3_HYBRID,10000,37.0000,24782,0.048144,0.466000,0.058130,0.044269,0.174000,0.048145
EXP3_HYBRID,10000,38.0000,11739,0.048560,0.311000,0.042216,0.045608,0.108000,0.047930
EXP3_HYBRID,10000,37.0000,26086,0.063805,0.476000,0.061363,0.043160,0.190000,0.047120
EXP3_HYBRID,10000,38.0000,13043,0.036706,0.308000,0.040099,0.033302,0.119000,0.046262
EXP3_HYBRID,10000,38.0000,14347,0.043282,0.326000,0.038698,0.043978,0.121000,0.048585
EXP3_HYBRID,10000,37.0000,27391,0.056957,0.512000,0.063788,0.034400,0.210000,0.047949
EXP3_HYBRID,10000,37.0000,28695,0.051404,0.507000,0.059262,0.034464,0.237000,0.050543
EXP3_HYBRID,10000,38.0000,15652,0.025879,0.347000,0.036783,0.043418,0.137000,0.045603
EXP3_HYBRID,10000,38.0000,16956,0.035020,0.368000,0.041810,0.032201,0.124000,0.046733
EXP3_HYBRID,10000,37.0000,30000,0.052435,0.518000,0.064688,0.036582,0.217000,0.050726
EXP3_HYBRID,10000,38.0000,18260,0.053382,0.393000,0.043559,0.031176,0.144000,0.044774
EXP3_HYBRID,10000,38.0000,20869,0.051093,0.391000,0.041334,0.045023,0.144000,0.047692
EXP3_HYBRID,10000,38.0000,19565,0.036663,0.388000,0.039898,0.045115,0.125000,0.049710
EXP3_HYBRID,10000,38.0000,22173,0.038898,0.402000,0.044908,0.036589,0.154000,0.050943
EXP3_HYBRID,10000,38.0000,23478,0.046052,0.426000,0.052740,0.034050,0.164000,0.047499
EXP3_HYBRID,10000,38.0000,24782,0.049672,0.429000,0.042837,0.045492,0.161000,0.049173
EXP3_HYBRID,10000,38.0000,26086,0.037415,0.440000,0.046748,0.045829,0.168000,0.048629
EXP4_FIXED,5000,23.5000,5000,0.097617,0.281000,0.143930,0.090538,0.191000,0.125619
EXP4_FIXED,5000,23.0000,5000,0.075712,0.280000,0.088563,0.079469,0.189000,0.099634
EXP3_HYBRID,10000,38.0000,27391,0.042094,0.439000,0.046960,0.046479,0.173000,0.050803
EXP3_HYBRID,10000,38.0000,28695,0.050200,0.485000,0.050768,0.036375,0.178000,0.051071
EXP4_FIXED,5000,24.0000,5000,0.086225,0.462000,0.117156,0.067603,0.311000,0.097255
EXP3_HYBRID,10000,38.0000,30000,0.047018,0.475000,0.054315,0.035322,0.203000,0.048232
EXP4_FIXED,5000,24.5000,5000,0.081759,0.494000,0.136347,0.065305,0.334000,0.115722
EXP4_FIXED,5000,22.5000,5000,0.066060,0.291000,0.081681,0.071843,0.207000,0.087473
EXP4_FIXED,5000,25.0000,5000,0.080089,0.491000,0.110259,0.075305,0.303000,0.134161
EXP4_FIXED,5000,26.0000,5000,0.062545,0.385000,0.093382,0.075434,0.197000,0.117806
EXP4_FIXED,5000,25.5000,5000,0.086513,0.421000,0.139671,0.090148,0.263000,0.169178
EXP4_FIXED,5000,26.5000,5000,0.063517,0.382000,0.100449,0.068650,0.192000,0.124057
EXP4_FIXED,5000,27.0000,5000,0.069517,0.331000,0.085924,0.063531,0.185000,0.087973
EXP4_FIXED,5000,22.0000,5000,0.082171,0.289000,0.111692,0.077846,0.203000,0.099450
EXP4_FIXED,5000,27.5000,5000,0.056350,0.343000,0.072592,0.057924,0.180000,0.083599
EXP4_FIXED,5000,27.9000,5000,0.053077,0.296000,0.060236,0.053873,0.137000,0.078570
EXP4_FIXED,5000,27.9211,5000,0.081801,0.349000,0.091430,0.072150,0.194000,0.096139
EXP4_FIXED,5000,27.9105,5000,0.048579,0.337000,0.054834,0.053382,0.207000,0.067556
EXP4_FIXED,5000,27.9316,5000,0.034160,0.271000,0.043755,0.040582,0.135000,0.052242
EXP4_FIXED,5000,27.9421,5000,0.047256,0.291000,0.045497,0.062550,0.156000,0.076392
EXP4_FIXED,5000,21.5000,5000,0.073950,0.300000,0.085988,0.074456,0.194000,0.094787
EXP4_FIXED,5000,27.9526,5000,0.068606,0.321000,0.081450,0.076137,0.151000,0.103349
EXP4_FIXED,5000,27.9632,5000,0.084552,0.389000,0.107222,0.089890,0.214000,0.114278
EXP4_FIXED,5000,27.9737,5000,0.064468,0.326000,0.080517,0.062137,0.165000,0.086827
EXP4_FIXED,5000,20.5000,5000,0.060960,0.290000,0.078439,0.067502,0.191000,0.092522
EXP4_FIXED,5000,21.0000,5000,0.073964,0.301000,0.093888,0.080363,0.189000,0.102287
EXP4_FIXED,5000,20.0000,5000,0.070610,0.296000,0.080404,0.084614,0.194000,0.099498
EXP4_FIXED,5000,27.9842,5000,0.068738,0.334000,0.072775,0.067939,0.169000,0.079299
EXP4_FIXED,5000,27.9947,5000,0.068791,0.374000,0.087790,0.065175,0.197000,0.086144
EXP4_FIXED,5000,28.0000,5000,0.068439,0.332000,0.086560,0.060574,0.198000,0.083230
EXP4_FIXED,5000,19.5000,5000,0.062260,0.300000,0.079949,0.067865,0.198000,0.091998
EXP4_FIXED,5000,28.0053,5000,0.065207,0.315000,0.058923,0.058636,0.171000,0.066146
EXP4_FIXED,5000,28.0263,5000,0.062538,0.261000,0.060438,0.052410,0.133000,0.065859
EXP4_FIXED,5000,28.0368,5000,0.051539,0.302000,0.054623,0.068755,0.138000,0.071203
EXP4_FIXED,5000,16.5000,5000,0.076292,0.305000,0.096275,0.084276,0.202000,0.101074
EXP4_FIXED,5000,28.0158,5000,0.044793,0.310000,0.051347,0.059521,0.140000,0.062653
EXP4_FIXED,5000,15.5000,5000,0.072945,0.304000,0.094967,0.080188,0.197000,0.100133
EXP4_FIXED,5000,17.0000,5000,0.061799,0.290000,0.077716,0.073012,0.195000,0.081097
EXP4_FIXED,5000,28.0579,5000,0.073470,0.325000,0.099501,0.077462,0.147000,0.091944
EXP4_FIXED,5000,28.0474,5000,0.044201,0.243000,0.051404,0.055742,0.123000,0.055720
EXP4_FIXED,5000,17.5000,5000,0.075498,0.269000,0.105199,0.081089,0.186000,0.109851
EXP4_FIXED,5000,28.0684,5000,0.056954,0.318000,0.059844,0.063551,0.153000,0.084478
EXP4_FIXED,5000,18.5000,5000,0.076583,0.293000,0.100148,0.084057,0.214000,0.102744
EXP4_FIXED,5000,19.0000,5000,0.080704,0.290000,0.116162,0.087527,0.186000,0.117801
EXP4_FIXED,5000,28.0789,5000,0.044695,0.268000,0.051939,0.055811,0.132000,0.067425
EXP4_FIXED,5000,28.1000,5000,0.063151,0.312000,0.074040,0.073537,0.142000,0.078862
EXP4_FIXED,5000,28.5000,5000,0.067087,0.335000,0.071881,0.068019,0.163000,0.087191
EXP4_FIXED,5000,28.0895,5000,0.048393,0.293000,0.055614,0.059414,0.136000,0.081702
EXP4_FIXED,5000,29.0000,5000,0.062882,0.356000,0.073501,0.078845,0.207000,0.084028
EXP4_FIXED,5000,15.0000,5000,0.082328,0.300000,0.107680,0.083680,0.206000,0.106443
EXP4_FIXED,5000,18.0000,5000,0.077987,0.285000,0.089674,0.077577,0.197000,0.096576
EXP4_FIXED,5000,29.5000,5000,0.062122,0.346000,0.063128,0.067569,0.185000,0.091351
EXP4_FIXED,5000,16.0000,5000,0.070821,0.287000,0.085124,0.076803,0.195000,0.092696
EXP4_FIXED,5000,30.0000,5000,0.070336,0.413000,0.078319,0.074177,0.201000,0.085938
EXP4_FIXED,5000,30.5000,5000,0.096894,0.474000,0.081155,0.094756,0.286000,0.109210
EXP4_FIXED,5000,31.5000,5000,0.098979,0.440000,0.128265,0.086239,0.276000,0.104358
EXP4_FIXED,5000,31.0000,5000,0.091388,0.444000,0.095046,0.079174,0.267000,0.098508
EXP4_FIXED,5000,32.5000,5000,0.070326,0.382000,0.087868,0.088525,0.250000,0.124211
EXP4_FIXED,5000,33.0000,5000,0.085899,0.401000,0.152491,0.064252,0.237000,0.086816
EXP4_FIXED,5000,32.0000,5000,0.079397,0.447000,0.087981,0.066824,0.248000,0.090225
EXP4_FIXED,5000,33.5000,5000,0.074598,0.420000,0.081502,0.066698,0.259000,0.080583
EXP4_FIXED,5000,34.5000,5000,0.074912,0.397000,0.095210,0.075233,0.236000,0.098411
EXP4_FIXED,5000,35.0000,5000,0.085554,0.364000,0.108877,0.072601,0.223000,0.103591
EXP4_FIXED,5000,35.5000,5000,0.077617,0.337000,0.119065,0.079789,0.213000,0.111685
EXP4_FIXED,5000,34.0000,5000,0.080634,0.378000,0.091755,0.073100,0.224000,0.083722
EXP4_FIXED,5000,36.5000,5000,0.062066,0.313000,0.086752,0.072959,0.203000,0.107914
EXP4_FIXED,5000,36.0000,5000,0.079184,0.323000,0.098682,0.085331,0.209000,0.101661
EXP4_FIXED,5000,37.0000,5000,0.070932,0.326000,0.093080,0.079037,0.193000,0.105445
EXP4_FIXED,5000,39.0000,5000,0.068791,0.322000,0.096235,0.076060,0.197000,0.103311
EXP4_FIXED,5000,37.5000,5000,0.077118,0.319000,0.096348,0.088732,0.186000,0.104231
EXP4_FIXED,5000,39.5000,5000,0.072144,0.318000,0.081134,0.071205,0.202000,0.088155
EXP4_FIXED,5000,38.5000,5000,0.065330,0.316000,0.083911,0.072958,0.211000,0.100604
EXP4_FIXED,5000,40.0000,5000,0.080681,0.307000,0.119116,0.074833,0.200000,0.103979
EXP4_FIXED,5000,38.0000,5000,0.062506,0.333000,0.070332,0.063370,0.214000,0.078120
EXP4_FIXED,5000,40.5000,5000,0.083387,0.299000,0.116951,0.082564,0.178000,0.115089
EXP4_FIXED,5000,41.5000,5000,0.066581,0.308000,0.082576,0.081793,0.195000,0.094479
EXP4_FIXED,5000,41.0000,5000,0.078825,0.308000,0.105215,0.087738,0.190000,0.127985
EXP4_FIXED,5000,42.0000,5000,0.076770,0.300000,0.089861,0.070365,0.182000,0.088419
EXP4_FIXED,5000,42.5000,5000,0.084895,0.314000,0.112873,0.078934,0.192000,0.093919
EXP4_FIXED,5000,43.0000,5000,0.071808,0.308000,0.089997,0.069339,0.187000,0.088183
EXP4_FIXED,5000,43.5000,5000,0.093613,0.298000,0.131539,0.092193,0.196000,0.123901
EXP4_FIXED,5000,44.0000,5000,0.086005,0.306000,0.101676,0.088100,0.187000,0.107168
EXP4_FIXED,5000,45.0000,5000,0.076607,0.291000,0.100978,0.074980,0.187000,0.089618
EXP4_FIXED,5000,44.5000,5000,0.075784,0.307000,0.084953,0.082763,0.184000,0.097145
EXP4_FIXED,5000,46.0000,5000,0.069640,0.322000,0.094838,0.075688,0.205000,0.101462
EXP4_FIXED,5000,45.5000,5000,0.070819,0.308000,0.088145,0.081255,0.175000,0.110937
EXP4_FIXED,5000,47.0000,5000,0.082374,0.299000,0.106972,0.082977,0.188000,0.102531
EXP4_FIXED,5000,47.5000,5000,0.084145,0.287000,0.106798,0.087203,0.177000,0.105945
EXP4_FIXED,5000,46.5000,5000,0.069820,0.318000,0.091592,0.082962,0.200000,0.113426
EXP4_FIXED,5000,48.0000,5000,0.080359,0.295000,0.093532,0.091701,0.180000,0.116076
EXP4_FIXED,5000,48.5000,5000,0.081560,0.305000,0.111691,0.085587,0.189000,0.120629
EXP4_FIXED,5000,49.0000,5000,0.069691,0.318000,0.078606,0.078359,0.197000,0.102514
EXP4_FIXED,5000,50.5000,5000,0.084707,0.292000,0.111293,0.092622,0.192000,0.113537
EXP4_FIXED,5000,50.0000,5000,0.051654,0.313000,0.078253,0.079041,0.193000,0.101106
EXP4_FIXED,5000,51.5000,5000,0.071982,0.325000,0.084954,0.084164,0.200000,0.122616
EXP4_FIXED,5000,49.5000,5000,0.066717,0.294000,0.086354,0.075122,0.184000,0.110502
EXP4_FIXED,5000,51.0000,5000,0.070945,0.290000,0.083472,0.077858,0.177000,0.103571
EXP4_FIXED,5000,52.0000,5000,0.068425,0.317000,0.094325,0.072692,0.191000,0.104308
EXP4_FIXED,5000,52.5000,5000,0.089970,0.313000,0.106181,0.084856,0.192000,0.114780
EXP4_FIXED,5000,53.0000,5000,0.080307,0.292000,0.106113,0.077420,0.170000,0.100477
EXP4_FIXED,5000,53.5000,5000,0.065268,0.293000,0.072632,0.073150,0.194000,0.099930
EXP4_FIXED,5000,54.0000,5000,0.083569,0.313000,0.129117,0.072191,0.203000,0.096900
EXP4_FIXED,5000,54.5000,5000,0.075412,0.297000,0.094692,0.077089,0.199000,0.096307
EXP4_FIXED,5000,56.0000,5000,0.076725,0.309000,0.084995,0.075437,0.192000,0.093841
EXP4_FIXED,5000,55.0000,5000,0.092174,0.301000,0.134086,0.090508,0.206000,0.141523
EXP4_FIXED,5000,55.5000,5000,0.071420,0.300000,0.091053,0.073271,0.179000,0.100573
EXP4_FIXED,5000,58.0000,5000,0.072509,0.301000,0.099037,0.084673,0.198000,0.107748
EXP4_FIXED,5000,56.5000,5000,0.066112,0.297000,0.071595,0.063157,0.207000,0.079456
EXP4_FIXED,5000,57.5000,5000,0.078403,0.293000,0.087464,0.076928,0.202000,0.097119
EXP4_FIXED,5000,57.0000,5000,0.071660,0.302000,0.095663,0.072456,0.195000,0.094107
EXP4_FIXED,5000,58.5000,5000,0.092592,0.310000,0.146704,0.086965,0.211000,0.128916
EXP4_FIXED,5000,60.0000,5000,0.071686,0.302000,0.093582,0.078318,0.196000,0.099330
EXP4_FIXED,5000,59.5000,5000,0.074627,0.301000,0.082357,0.076977,0.200000,0.092888
EXP4_FIXED,5000,59.0000,5000,0.082457,0.292000,0.108646,0.080479,0.195000,0.104772
EXP4_FIXED,5000,60.5000,5000,0.073316,0.304000,0.092113,0.077545,0.212000,0.097589
EXP4_FIXED,5000,61.0000,5000,0.083436,0.278000,0.120985,0.082839,0.173000,0.106518
EXP4_FIXED,5000,61.5000,5000,0.078310,0.302000,0.096787,0.077362,0.192000,0.103341
EXP4_FIXED,5000,62.5000,5000,0.074536,0.281000,0.095901,0.070527,0.199000,0.089565
EXP4_FIXED,5000,62.0000,5000,0.070593,0.305000,0.081759,0.068943,0.195000,0.092431
EXP4_FIXED,5000,63.0000,5000,0.084225,0.302000,0.108124,0.080597,0.186000,0.103951
EXP4_FIXED,5000,64.0000,5000,0.078414,0.279000,0.098519,0.078091,0.195000,0.103150
EXP4_FIXED,5000,63.5000,5000,0.076853,0.306000,0.105638,0.076049,0.204000,0.104371
EXP4_FIXED,5000,64.5000,5000,0.071664,0.309000,0.078138,0.075956,0.195000,0.094559
EXP4_FIXED,5000,65.0000,5000,0.083308,0.304000,0.098577,0.078660,0.198000,0.101444
EXP4_FIXED,5000,65.5000,5000,0.066386,0.301000,0.087215,0.067751,0.205000,0.094677
EXP4_FIXED,5000,66.0000,5000,0.079038,0.294000,0.112649,0.075344,0.206000,0.110029
EXP4_FIXED,5000,66.5000,5000,0.075149,0.302000,0.102400,0.078916,0.200000,0.103666
EXP4_FIXED,5000,67.0000,5000,0.077141,0.309000,0.091952,0.078403,0.195000,0.110217
EXP4_FIXED,5000,67.5000,5000,0.074186,0.303000,0.100600,0.075723,0.197000,0.111727
EXP4_FIXED,5000,68.5000,5000,0.077411,0.301000,0.098833,0.066261,0.205000,0.091197
EXP4_FIXED,5000,70.0000,5000,0.085548,0.275000,0.135073,0.080977,0.179000,0.123597
EXP4_FIXED,5000,69.0000,5000,0.067986,0.305000,0.089968,0.059114,0.196000,0.074143
EXP4_FIXED,5000,69.5000,5000,0.071706,0.305000,0.087206,0.079513,0.196000,0.104033
EXP4_BASE_5K,5000,None,0,0.071618,0.284000,0.097880,0.072821,0.194000,0.097582
EXP4_FIXED,5000,70.5000,5000,0.061820,0.300000,0.083015,0.063717,0.180000,0.089739
EXP4_FIXED,5000,68.0000,5000,0.051818,0.306000,0.070780,0.065295,0.203000,0.091434
EXP4_FIXED,5000,71.5000,5000,0.070144,0.298000,0.080321,0.079637,0.198000,0.095953
EXP4_FIXED,5000,71.0000,5000,0.070248,0.319000,0.082053,0.074503,0.195000,0.086360
EXP4_FIXED,5000,72.0000,5000,0.074160,0.302000,0.109253,0.078265,0.207000,0.108506
EXP4_FIXED,5000,72.5000,5000,0.080460,0.288000,0.104391,0.091984,0.178000,0.118603
EXP4_FIXED,5000,73.5000,5000,0.079606,0.298000,0.099614,0.079393,0.184000,0.101087
EXP4_FIXED,5000,73.0000,5000,0.073538,0.326000,0.108298,0.074244,0.207000,0.102494
EXP4_FIXED,5000,74.0000,5000,0.063538,0.303000,0.076079,0.062163,0.200000,0.080567
EXP4_FIXED,5000,74.5000,5000,0.073906,0.322000,0.103054,0.076171,0.196000,0.104766
EXP4_FIXED,5000,75.0000,5000,0.081649,0.295000,0.107637,0.082342,0.185000,0.108645
EXP4_BASE_10K,10000,None,0,0.027634,0.262000,0.038266,0.043639,0.114000,0.049294
EXP5_APRIORI,10000,None,0,0.015940,0.105000,0.033795,0.015940,0.105000,0.033795
EXP5_APRIORI,10000,27.9000,1304,0.015879,0.097000,0.032636,0.015879,0.097000,0.032636
EXP5_APRIORI,10000,27.9000,2608,0.015888,0.096000,0.032838,0.015888,0.096000,0.032838
EXP5_APRIORI,10000,27.9000,3913,0.015322,0.083000,0.032010,0.015322,0.083000,0.032010
EXP5_APRIORI,10000,27.9000,5217,0.015656,0.083000,0.033045,0.015656,0.083000,0.033045
EXP5_APRIORI,10000,27.9000,6521,0.014797,0.081000,0.030780,0.014797,0.081000,0.030780
EXP5_APRIORI,10000,27.9000,7826,0.015115,0.080000,0.032181,0.015115,0.080000,0.032181
EXP5_APRIORI,10000,None,0,0.015940,0.105000,0.033795,0.015940,0.105000,0.033795
EXP5_APRIORI,10000,27.9000,9130,0.015570,0.081000,0.033407,0.015570,0.081000,0.033407
EXP5_APRIORI,10000,27.9000,10434,0.015425,0.077000,0.032250,0.015425,0.077000,0.032250
EXP5_APRIORI,10000,27.9900,1304,0.016046,0.096000,0.034196,0.016046,0.096000,0.034196
EXP5_APRIORI,10000,27.9000,13043,0.015731,0.067000,0.033216,0.015731,0.067000,0.033216
EXP5_APRIORI,10000,27.9000,11739,0.015091,0.061000,0.032818,0.015091,0.061000,0.032818
EXP5_APRIORI,10000,27.9900,2608,0.015425,0.100000,0.033230,0.015425,0.100000,0.033230
EXP5_APRIORI,10000,27.9000,14347,0.015719,0.065000,0.033099,0.015719,0.065000,0.033099
EXP5_APRIORI,10000,27.9900,3913,0.015226,0.081000,0.031586,0.015226,0.081000,0.031586
EXP5_APRIORI,10000,27.9000,15652,0.015565,0.065000,0.032790,0.015565,0.065000,0.032790
EXP5_APRIORI,10000,27.9000,16956,0.016196,0.058000,0.033872,0.016196,0.058000,0.033872
EXP5_APRIORI,10000,27.9900,5217,0.014962,0.083000,0.030907,0.014962,0.083000,0.030907
EXP5_APRIORI,10000,27.9000,18260,0.015657,0.061000,0.032457,0.015657,0.061000,0.032457
EXP5_APRIORI,10000,27.9900,6521,0.014701,0.085000,0.031524,0.014701,0.085000,0.031524
EXP5_APRIORI,10000,27.9000,20869,0.015734,0.065000,0.032570,0.015734,0.065000,0.032570
EXP5_APRIORI,10000,27.9000,19565,0.015701,0.063000,0.032153,0.015701,0.063000,0.032153
EXP5_APRIORI,10000,27.9900,7826,0.015096,0.080000,0.031236,0.015096,0.080000,0.031236
EXP5_APRIORI,10000,27.9900,9130,0.015302,0.077000,0.031462,0.015302,0.077000,0.031462
EXP5_APRIORI,10000,27.9900,10434,0.014633,0.079000,0.029734,0.014633,0.079000,0.029734
EXP5_APRIORI,10000,27.9900,11739,0.015163,0.075000,0.031345,0.015163,0.075000,0.031345
EXP5_APRIORI,10000,27.9900,13043,0.015206,0.080000,0.031503,0.015206,0.080000,0.031503
EXP5_APRIORI,10000,27.9900,14347,0.015184,0.065000,0.031449,0.015184,0.065000,0.031449
EXP5_APRIORI,10000,27.9000,22173,0.015221,0.068000,0.031091,0.015221,0.068000,0.031091
EXP5_APRIORI,10000,27.9000,27391,0.015977,0.055000,0.033263,0.015977,0.055000,0.033263
EXP5_APRIORI,10000,27.9900,15652,0.015062,0.072000,0.031554,0.015062,0.072000,0.031554
EXP5_APRIORI,10000,None,0,0.015940,0.105000,0.033795,0.015940,0.105000,0.033795
EXP5_APRIORI,10000,27.9000,28695,0.015721,0.064000,0.033016,0.015721,0.064000,0.033016
EXP5_APRIORI,10000,27.9900,16956,0.014784,0.078000,0.030910,0.014784,0.078000,0.030910
EXP5_APRIORI,10000,28.0001,1304,0.015870,0.113000,0.033031,0.015870,0.113000,0.033031
EXP5_APRIORI,10000,27.9900,18260,0.014130,0.057000,0.028674,0.014130,0.057000,0.028674
EXP5_APRIORI,10000,27.9900,19565,0.014248,0.052000,0.028949,0.014248,0.052000,0.028949
EXP5_APRIORI,10000,28.0001,2608,0.016072,0.103000,0.033288,0.016072,0.103000,0.033288
EXP5_APRIORI,10000,28.0001,3913,0.016120,0.100000,0.032262,0.016120,0.100000,0.032262
EXP5_APRIORI,10000,27.9900,20869,0.013850,0.065000,0.028317,0.013850,0.065000,0.028317
EXP5_APRIORI,10000,28.0001,5217,0.016619,0.112000,0.034266,0.016619,0.112000,0.034266
EXP5_APRIORI,10000,28.0001,6521,0.016803,0.115000,0.036434,0.016803,0.115000,0.036434
EXP5_APRIORI,10000,27.9900,22173,0.013657,0.064000,0.027704,0.013657,0.064000,0.027704
EXP5_APRIORI,10000,27.9900,23478,0.013360,0.057000,0.027935,0.013360,0.057000,0.027935
EXP5_APRIORI,10000,28.0001,9130,0.017002,0.120000,0.037747,0.017002,0.120000,0.037747
EXP5_APRIORI,10000,27.9000,23478,0.015020,0.068000,0.031485,0.015020,0.068000,0.031485
EXP5_APRIORI,10000,28.0001,10434,0.016241,0.110000,0.033485,0.016241,0.110000,0.033485
EXP5_APRIORI,10000,27.9000,24782,0.015100,0.056000,0.032049,0.015100,0.056000,0.032049
EXP5_APRIORI,10000,27.9900,24782,0.013701,0.055000,0.028314,0.013701,0.055000,0.028314
EXP5_APRIORI,10000,27.9000,26086,0.015522,0.059000,0.031970,0.015522,0.059000,0.031970
EXP5_APRIORI,10000,28.0001,11739,0.016091,0.118000,0.034217,0.016091,0.118000,0.034217
EXP5_APRIORI,10000,27.9900,26086,0.013504,0.056000,0.028171,0.013504,0.056000,0.028171
EXP5_APRIORI,10000,28.0001,13043,0.016401,0.111000,0.034273,0.016401,0.111000,0.034273
EXP5_APRIORI,10000,28.0001,14347,0.016962,0.117000,0.035557,0.016962,0.117000,0.035557
EXP5_APRIORI,10000,27.9900,27391,0.013522,0.050000,0.027786,0.013522,0.050000,0.027786
EXP5_APRIORI,10000,27.9900,28695,0.013019,0.056000,0.027113,0.013019,0.056000,0.027113
EXP5_APRIORI,10000,28.0001,15652,0.016939,0.123000,0.036219,0.016939,0.123000,0.036219
EXP5_APRIORI,10000,27.9900,30000,0.013662,0.054000,0.028078,0.013662,0.054000,0.028078
EXP5_APRIORI,10000,28.0100,2608,0.015355,0.098000,0.030932,0.015355,0.098000,0.030932
EXP5_APRIORI,10000,28.0001,16956,0.016649,0.130000,0.036119,0.016649,0.130000,0.036119
EXP5_APRIORI,10000,27.9000,30000,0.015972,0.062000,0.033645,0.015972,0.062000,0.033645
EXP5_APRIORI,10000,None,0,0.015940,0.105000,0.033795,0.015940,0.105000,0.033795
EXP5_APRIORI,10000,28.0001,18260,0.016452,0.135000,0.035259,0.016452,0.135000,0.035259
EXP5_APRIORI,10000,28.0001,19565,0.016800,0.128000,0.035774,0.016800,0.128000,0.035774
EXP5_APRIORI,10000,28.0100,1304,0.015524,0.096000,0.031921,0.015524,0.096000,0.031921
EXP5_APRIORI,10000,28.0001,7826,0.017155,0.119000,0.037205,0.017155,0.119000,0.037205
EXP5_APRIORI,10000,28.0100,5217,0.015448,0.103000,0.031741,0.015448,0.103000,0.031741
EXP5_APRIORI,10000,28.0100,6521,0.015936,0.095000,0.033088,0.015936,0.095000,0.033088
EXP5_APRIORI,10000,28.0100,3913,0.015771,0.094000,0.032227,0.015771,0.094000,0.032227
EXP5_APRIORI,10000,28.0001,20869,0.016678,0.130000,0.035779,0.016678,0.130000,0.035779
EXP5_APRIORI,10000,28.0100,7826,0.016060,0.123000,0.033246,0.016060,0.123000,0.033246
EXP5_APRIORI,10000,28.0001,22173,0.016819,0.127000,0.036469,0.016819,0.127000,0.036469
EXP5_APRIORI,10000,28.0100,9130,0.016193,0.131000,0.033358,0.016193,0.131000,0.033358
EXP5_APRIORI,10000,28.0100,10434,0.016946,0.129000,0.035996,0.016946,0.129000,0.035996
EXP5_APRIORI,10000,28.0001,23478,0.016424,0.132000,0.035456,0.016424,0.132000,0.035456
EXP5_APRIORI,10000,28.0001,24782,0.016928,0.124000,0.035877,0.016928,0.124000,0.035877
EXP5_APRIORI,10000,28.0100,11739,0.017931,0.136000,0.038142,0.017931,0.136000,0.038142
EXP5_APRIORI,10000,28.0100,13043,0.017314,0.144000,0.036516,0.017314,0.144000,0.036516
EXP5_APRIORI,10000,28.0001,26086,0.016704,0.128000,0.036147,0.016704,0.128000,0.036147
EXP5_APRIORI,10000,None,0,0.015940,0.105000,0.033795,0.015940,0.105000,0.033795
EXP5_APRIORI,10000,28.0100,14347,0.017359,0.156000,0.036891,0.017359,0.156000,0.036891
EXP5_APRIORI,10000,28.0001,27391,0.016879,0.124000,0.036804,0.016879,0.124000,0.036804
EXP5_APRIORI,10000,28.0100,15652,0.017913,0.150000,0.039393,0.017913,0.150000,0.039393
EXP5_APRIORI,10000,28.1000,1304,0.016083,0.107000,0.032648,0.016083,0.107000,0.032648
EXP5_APRIORI,10000,28.0100,16956,0.018007,0.162000,0.038129,0.018007,0.162000,0.038129
EXP5_APRIORI,10000,28.0001,28695,0.017016,0.126000,0.036974,0.017016,0.126000,0.036974
EXP5_APRIORI,10000,28.1000,2608,0.015349,0.106000,0.031410,0.015349,0.106000,0.031410
EXP5_APRIORI,10000,28.1000,3913,0.014964,0.101000,0.029140,0.014964,0.101000,0.029140
EXP5_APRIORI,10000,28.0100,18260,0.018407,0.168000,0.039151,0.018407,0.168000,0.039151
EXP5_APRIORI,10000,28.1000,5217,0.014620,0.100000,0.029432,0.014620,0.100000,0.029432
EXP5_APRIORI,10000,28.0100,19565,0.019205,0.164000,0.041634,0.019205,0.164000,0.041634
EXP5_APRIORI,10000,28.0100,20869,0.019359,0.177000,0.041407,0.019359,0.177000,0.041407
EXP5_APRIORI,10000,28.0001,30000,0.016703,0.131000,0.037063,0.016703,0.131000,0.037063
EXP5_APRIORI,10000,28.1000,6521,0.015235,0.096000,0.031322,0.015235,0.096000,0.031322
EXP5_APRIORI,10000,28.1000,7826,0.014504,0.096000,0.028890,0.014504,0.096000,0.028890
EXP5_APRIORI,10000,28.0100,22173,0.020181,0.173000,0.043923,0.020181,0.173000,0.043923
EXP5_APRIORI,10000,28.1000,9130,0.014708,0.089000,0.029788,0.014708,0.089000,0.029788
EXP5_APRIORI,10000,28.0100,23478,0.019784,0.187000,0.042697,0.019784,0.187000,0.042697
EXP5_APRIORI,10000,28.1000,10434,0.014323,0.110000,0.029307,0.014323,0.110000,0.029307
EXP5_APRIORI,10000,28.1000,11739,0.014208,0.101000,0.029696,0.014208,0.101000,0.029696
EXP5_APRIORI,10000,28.0100,24782,0.020123,0.195000,0.043433,0.020123,0.195000,0.043433
EXP5_APRIORI,10000,28.1000,13043,0.014767,0.094000,0.031303,0.014767,0.094000,0.031303
EXP5_APRIORI,10000,None,0,0.015940,0.105000,0.033795,0.015940,0.105000,0.033795
EXP5_APRIORI,10000,28.1000,14347,0.014636,0.096000,0.029876,0.014636,0.096000,0.029876
EXP5_APRIORI,10000,28.1000,15652,0.014089,0.097000,0.029085,0.014089,0.097000,0.029085
EXP5_APRIORI,10000,28.0100,26086,0.020001,0.198000,0.043117,0.020001,0.198000,0.043117
EXP5_APRIORI,10000,30.0000,1304,0.016014,0.105000,0.032761,0.016014,0.105000,0.032761
EXP5_APRIORI,10000,28.0100,27391,0.019994,0.203000,0.043486,0.019994,0.203000,0.043486
EXP5_APRIORI,10000,30.0000,2608,0.015917,0.112000,0.033273,0.015917,0.112000,0.033273
EXP5_APRIORI,10000,28.0100,28695,0.020401,0.207000,0.044445,0.020401,0.207000,0.044445
EXP5_APRIORI,10000,28.1000,16956,0.014452,0.091000,0.029600,0.014452,0.091000,0.029600
EXP5_APRIORI,10000,30.0000,3913,0.015064,0.095000,0.031135,0.015064,0.095000,0.031135
EXP5_APRIORI,10000,30.0000,5217,0.014924,0.092000,0.030421,0.014924,0.092000,0.030421
EXP5_APRIORI,10000,28.0100,30000,0.020495,0.214000,0.044119,0.020495,0.214000,0.044119
EXP5_APRIORI,10000,28.1000,18260,0.014390,0.098000,0.029428,0.014390,0.098000,0.029428
EXP5_APRIORI,10000,30.0000,6521,0.015572,0.105000,0.032000,0.015572,0.105000,0.032000
EXP5_APRIORI,10000,28.1000,19565,0.014693,0.090000,0.030295,0.014693,0.090000,0.030295
EXP5_APRIORI,10000,28.1000,20869,0.014964,0.096000,0.031298,0.014964,0.096000,0.031298
EXP5_APRIORI,10000,30.0000,7826,0.016178,0.112000,0.033314,0.016178,0.112000,0.033314
EXP5_APRIORI,10000,28.1000,22173,0.014661,0.088000,0.030973,0.014661,0.088000,0.030973
EXP5_APRIORI,10000,28.1000,24782,0.015383,0.093000,0.032569,0.015383,0.093000,0.032569
EXP5_APRIORI,10000,30.0000,9130,0.016724,0.120000,0.034274,0.016724,0.120000,0.034274
EXP5_APRIORI,10000,28.1000,23478,0.014977,0.089000,0.031852,0.014977,0.089000,0.031852
EXP5_APRIORI,10000,30.0000,10434,0.016616,0.127000,0.035167,0.016616,0.127000,0.035167
EXP5_APRIORI,10000,30.0000,13043,0.018504,0.134000,0.040118,0.018504,0.134000,0.040118
EXP5_APRIORI,10000,30.0000,11739,0.018278,0.130000,0.039622,0.018278,0.130000,0.039622
EXP5_APRIORI,10000,28.1000,27391,0.015067,0.099000,0.031791,0.015067,0.099000,0.031791
EXP5_APRIORI,10000,30.0000,14347,0.019114,0.146000,0.041613,0.019114,0.146000,0.041613
EXP5_APRIORI,10000,28.1000,26086,0.014993,0.104000,0.031502,0.014993,0.104000,0.031502
EXP5_APRIORI,10000,None,0,0.015940,0.105000,0.033795,0.015940,0.105000,0.033795
EXP5_APRIORI,10000,31.0000,1304,0.015917,0.102000,0.032715,0.015917,0.102000,0.032715
EXP5_APRIORI,10000,30.0000,15652,0.020098,0.144000,0.044714,0.020098,0.144000,0.044714
EXP5_APRIORI,10000,31.0000,2608,0.016612,0.088000,0.033637,0.016612,0.088000,0.033637
EXP5_APRIORI,10000,28.1000,28695,0.015567,0.096000,0.031785,0.015567,0.096000,0.031785
EXP5_APRIORI,10000,30.0000,16956,0.020043,0.152000,0.045781,0.020043,0.152000,0.045781
EXP5_APRIORI,10000,31.0000,3913,0.015523,0.102000,0.031482,0.015523,0.102000,0.031482
EXP5_APRIORI,10000,31.0000,5217,0.015256,0.106000,0.030972,0.015256,0.106000,0.030972
EXP5_APRIORI,10000,31.0000,6521,0.015348,0.107000,0.032001,0.015348,0.107000,0.032001
EXP5_APRIORI,10000,30.0000,18260,0.020569,0.167000,0.046600,0.020569,0.167000,0.046600
EXP5_APRIORI,10000,28.1000,30000,0.015307,0.105000,0.031576,0.015307,0.105000,0.031576
EXP5_APRIORI,10000,30.0000,19565,0.021166,0.179000,0.046898,0.021166,0.179000,0.046898
EXP5_APRIORI,10000,30.0000,20869,0.021510,0.182000,0.047353,0.021510,0.182000,0.047353
EXP5_APRIORI,10000,31.0000,7826,0.015583,0.114000,0.031907,0.015583,0.114000,0.031907
EXP5_APRIORI,10000,31.0000,9130,0.015874,0.118000,0.032146,0.015874,0.118000,0.032146
EXP5_APRIORI,10000,30.0000,22173,0.021523,0.193000,0.047606,0.021523,0.193000,0.047606
EXP5_APRIORI,10000,31.0000,10434,0.016295,0.143000,0.033777,0.016295,0.143000,0.033777
EXP5_APRIORI,10000,30.0000,23478,0.022375,0.185000,0.050392,0.022375,0.185000,0.050392
EXP5_APRIORI,10000,31.0000,11739,0.017325,0.148000,0.036967,0.017325,0.148000,0.036967
EXP5_APRIORI,10000,30.0000,24782,0.022274,0.204000,0.049610,0.022274,0.204000,0.049610
EXP5_APRIORI,10000,31.0000,13043,0.017667,0.176000,0.037031,0.017667,0.176000,0.037031
EXP5_APRIORI,10000,31.0000,14347,0.018638,0.163000,0.040002,0.018638,0.163000,0.040002
EXP5_APRIORI,10000,31.0000,15652,0.019016,0.193000,0.041598,0.019016,0.193000,0.041598
EXP5_APRIORI,10000,None,0,0.015940,0.105000,0.033795,0.015940,0.105000,0.033795
EXP5_APRIORI,10000,30.0000,26086,0.022211,0.210000,0.049815,0.022211,0.210000,0.049815
EXP5_APRIORI,10000,32.0000,1304,0.015611,0.116000,0.033054,0.015611,0.116000,0.033054
EXP5_APRIORI,10000,30.0000,27391,0.022925,0.197000,0.052460,0.022925,0.197000,0.052460
EXP5_APRIORI,10000,32.0000,2608,0.015585,0.105000,0.032210,0.015585,0.105000,0.032210
EXP5_APRIORI,10000,31.0000,16956,0.019183,0.206000,0.041480,0.019183,0.206000,0.041480
EXP5_APRIORI,10000,32.0000,3913,0.015708,0.106000,0.032355,0.015708,0.106000,0.032355
EXP5_APRIORI,10000,30.0000,30000,0.023486,0.213000,0.053714,0.023486,0.213000,0.053714
EXP5_APRIORI,10000,30.0000,28695,0.023113,0.210000,0.053322,0.023113,0.210000,0.053322
EXP5_APRIORI,10000,32.0000,5217,0.015658,0.098000,0.031360,0.015658,0.098000,0.031360
EXP5_APRIORI,10000,31.0000,18260,0.019951,0.203000,0.043836,0.019951,0.203000,0.043836
EXP5_APRIORI,10000,31.0000,19565,0.020200,0.234000,0.043105,0.020200,0.234000,0.043105
EXP5_APRIORI,10000,32.0000,6521,0.015337,0.100000,0.032297,0.015337,0.100000,0.032297
EXP5_APRIORI,10000,31.0000,20869,0.020798,0.231000,0.044304,0.020798,0.231000,0.044304
EXP5_APRIORI,10000,31.0000,23478,0.022078,0.245000,0.050603,0.022078,0.245000,0.050603
EXP5_APRIORI,10000,32.0000,7826,0.015343,0.103000,0.032784,0.015343,0.103000,0.032784
EXP5_APRIORI,10000,31.0000,22173,0.021321,0.240000,0.046218,0.021321,0.240000,0.046218
EXP5_APRIORI,10000,31.0000,24782,0.022501,0.265000,0.050339,0.022501,0.265000,0.050339
EXP5_APRIORI,10000,32.0000,9130,0.015920,0.094000,0.032837,0.015920,0.094000,0.032837
EXP5_APRIORI,10000,32.0000,10434,0.016196,0.099000,0.033767,0.016196,0.099000,0.033767
EXP5_APRIORI,10000,32.0000,11739,0.017163,0.101000,0.035981,0.017163,0.101000,0.035981
EXP5_APRIORI,10000,None,0,0.015940,0.105000,0.033795,0.015940,0.105000,0.033795
EXP5_APRIORI,10000,31.0000,26086,0.023427,0.288000,0.052424,0.023427,0.288000,0.052424
EXP5_APRIORI,10000,32.0000,14347,0.018326,0.111000,0.038663,0.018326,0.111000,0.038663
EXP5_APRIORI,10000,32.0000,13043,0.016676,0.100000,0.036110,0.016676,0.100000,0.036110
EXP5_APRIORI,10000,31.0000,27391,0.023253,0.299000,0.052048,0.023253,0.299000,0.052048
EXP5_APRIORI,10000,33.0000,1304,0.016104,0.104000,0.033576,0.016104,0.104000,0.033576
EXP5_APRIORI,10000,32.0000,15652,0.018522,0.121000,0.040727,0.018522,0.121000,0.040727
EXP5_APRIORI,10000,31.0000,28695,0.023703,0.306000,0.053771,0.023703,0.306000,0.053771
EXP5_APRIORI,10000,33.0000,2608,0.016724,0.103000,0.034392,0.016724,0.103000,0.034392
EXP5_APRIORI,10000,32.0000,16956,0.018724,0.138000,0.041086,0.018724,0.138000,0.041086
EXP5_APRIORI,10000,31.0000,30000,0.023904,0.332000,0.053815,0.023904,0.332000,0.053815
EXP5_APRIORI,10000,33.0000,3913,0.015473,0.098000,0.032868,0.015473,0.098000,0.032868
EXP5_APRIORI,10000,32.0000,18260,0.019101,0.160000,0.042116,0.019101,0.160000,0.042116
EXP5_APRIORI,10000,32.0000,19565,0.020039,0.158000,0.043780,0.020039,0.158000,0.043780
EXP5_APRIORI,10000,32.0000,20869,0.020462,0.181000,0.045258,0.020462,0.181000,0.045258
EXP5_APRIORI,10000,33.0000,5217,0.015566,0.100000,0.031975,0.015566,0.100000,0.031975
EXP5_APRIORI,10000,32.0000,22173,0.020706,0.200000,0.045180,0.020706,0.200000,0.045180
EXP5_APRIORI,10000,33.0000,6521,0.014806,0.107000,0.030180,0.014806,0.107000,0.030180
EXP5_APRIORI,10000,33.0000,7826,0.015287,0.102000,0.032153,0.015287,0.102000,0.032153
EXP5_APRIORI,10000,32.0000,23478,0.021965,0.208000,0.048861,0.021965,0.208000,0.048861
EXP5_APRIORI,10000,32.0000,24782,0.022212,0.223000,0.050039,0.022212,0.223000,0.050039
EXP5_APRIORI,10000,33.0000,9130,0.015347,0.113000,0.032276,0.015347,0.113000,0.032276
EXP5_APRIORI,10000,33.0000,11739,0.015503,0.106000,0.032124,0.015503,0.106000,0.032124
EXP5_APRIORI,10000,33.0000,10434,0.015849,0.110000,0.033189,0.015849,0.110000,0.033189
EXP5_APRIORI,10000,33.0000,13043,0.015810,0.124000,0.033212,0.015810,0.124000,0.033212
EXP5_APRIORI,10000,32.0000,27391,0.023490,0.257000,0.052927,0.023490,0.257000,0.052927
EXP5_APRIORI,10000,None,0,0.015940,0.105000,0.033795,0.015940,0.105000,0.033795
EXP5_APRIORI,10000,32.0000,26086,0.022572,0.244000,0.050385,0.022572,0.244000,0.050385
EXP5_APRIORI,10000,33.0000,15652,0.016356,0.118000,0.034180,0.016356,0.118000,0.034180
EXP5_APRIORI,10000,33.0000,14347,0.015647,0.124000,0.033190,0.015647,0.124000,0.033190
EXP5_APRIORI,10000,34.0000,1304,0.016248,0.099000,0.034095,0.016248,0.099000,0.034095
EXP5_APRIORI,10000,32.0000,28695,0.023783,0.256000,0.053192,0.023783,0.256000,0.053192
EXP5_APRIORI,10000,32.0000,30000,0.024433,0.286000,0.055996,0.024433,0.286000,0.055996
EXP5_APRIORI,10000,34.0000,2608,0.016234,0.097000,0.034579,0.016234,0.097000,0.034579
EXP5_APRIORI,10000,33.0000,16956,0.016620,0.139000,0.036248,0.016620,0.139000,0.036248
EXP5_APRIORI,10000,33.0000,18260,0.017076,0.140000,0.036680,0.017076,0.140000,0.036680
EXP5_APRIORI,10000,34.0000,3913,0.015598,0.102000,0.032605,0.015598,0.102000,0.032605
EXP5_APRIORI,10000,33.0000,20869,0.019546,0.151000,0.042636,0.019546,0.151000,0.042636
EXP5_APRIORI,10000,34.0000,5217,0.016088,0.112000,0.032879,0.016088,0.112000,0.032879
EXP5_APRIORI,10000,33.0000,19565,0.017662,0.160000,0.037375,0.017662,0.160000,0.037375
EXP5_APRIORI,10000,34.0000,6521,0.016137,0.105000,0.033332,0.016137,0.105000,0.033332
EXP5_APRIORI,10000,34.0000,7826,0.015372,0.117000,0.031653,0.015372,0.117000,0.031653
EXP5_APRIORI,10000,34.0000,9130,0.015487,0.111000,0.032360,0.015487,0.111000,0.032360
EXP5_APRIORI,10000,33.0000,22173,0.019905,0.160000,0.041521,0.019905,0.160000,0.041521
EXP5_APRIORI,10000,33.0000,23478,0.020058,0.164000,0.043258,0.020058,0.164000,0.043258
EXP5_APRIORI,10000,34.0000,10434,0.016213,0.117000,0.033207,0.016213,0.117000,0.033207
EXP5_APRIORI,10000,34.0000,11739,0.015793,0.120000,0.032671,0.015793,0.120000,0.032671
EXP5_APRIORI,10000,34.0000,13043,0.016535,0.122000,0.033723,0.016535,0.122000,0.033723
EXP5_APRIORI,10000,33.0000,24782,0.020635,0.179000,0.045306,0.020635,0.179000,0.045306
EXP5_APRIORI,10000,34.0000,14347,0.016708,0.119000,0.034912,0.016708,0.119000,0.034912
EXP5_APRIORI,10000,33.0000,26086,0.020359,0.219000,0.043816,0.020359,0.219000,0.043816
EXP5_APRIORI,10000,None,0,0.015940,0.105000,0.033795,0.015940,0.105000,0.033795
EXP5_APRIORI,10000,34.0000,15652,0.016911,0.124000,0.036002,0.016911,0.124000,0.036002
EXP5_APRIORI,10000,34.0000,16956,0.017004,0.130000,0.036744,0.017004,0.130000,0.036744
EXP5_APRIORI,10000,35.0000,1304,0.016207,0.108000,0.034272,0.016207,0.108000,0.034272
EXP5_APRIORI,10000,35.0000,2608,0.016047,0.105000,0.034140,0.016047,0.105000,0.034140
EXP5_APRIORI,10000,33.0000,27391,0.020876,0.194000,0.045988,0.020876,0.194000,0.045988
EXP5_APRIORI,10000,33.0000,28695,0.022201,0.225000,0.049137,0.022201,0.225000,0.049137
EXP5_APRIORI,10000,35.0000,3913,0.015698,0.103000,0.033325,0.015698,0.103000,0.033325
EXP5_APRIORI,10000,34.0000,18260,0.017485,0.126000,0.037434,0.017485,0.126000,0.037434
EXP5_APRIORI,10000,34.0000,19565,0.017492,0.137000,0.037492,0.017492,0.137000,0.037492
EXP5_APRIORI,10000,35.0000,5217,0.015287,0.104000,0.031910,0.015287,0.104000,0.031910
EXP5_APRIORI,10000,33.0000,30000,0.022232,0.255000,0.048424,0.022232,0.255000,0.048424
EXP5_APRIORI,10000,35.0000,6521,0.015322,0.104000,0.032025,0.015322,0.104000,0.032025
EXP5_APRIORI,10000,34.0000,20869,0.017611,0.131000,0.036598,0.017611,0.131000,0.036598
EXP5_APRIORI,10000,35.0000,7826,0.014856,0.112000,0.031202,0.014856,0.112000,0.031202
EXP5_APRIORI,10000,34.0000,22173,0.017783,0.149000,0.037483,0.017783,0.149000,0.037483
EXP5_APRIORI,10000,34.0000,23478,0.018121,0.141000,0.038029,0.018121,0.141000,0.038029
EXP5_APRIORI,10000,35.0000,9130,0.015637,0.103000,0.032116,0.015637,0.103000,0.032116
EXP5_APRIORI,10000,34.0000,24782,0.018365,0.161000,0.039644,0.018365,0.161000,0.039644
EXP5_APRIORI,10000,35.0000,10434,0.015448,0.103000,0.031995,0.015448,0.103000,0.031995
EXP5_APRIORI,10000,35.0000,11739,0.015718,0.103000,0.033269,0.015718,0.103000,0.033269
EXP5_APRIORI,10000,35.0000,13043,0.015825,0.100000,0.032294,0.015825,0.100000,0.032294
EXP5_APRIORI,10000,35.0000,14347,0.015687,0.114000,0.031891,0.015687,0.114000,0.031891
EXP5_APRIORI,10000,None,0,0.015940,0.105000,0.033795,0.015940,0.105000,0.033795
EXP5_APRIORI,10000,34.0000,26086,0.019100,0.183000,0.041137,0.019100,0.183000,0.041137
EXP5_APRIORI,10000,36.0000,1304,0.016390,0.099000,0.034461,0.016390,0.099000,0.034461
EXP5_APRIORI,10000,34.0000,27391,0.019261,0.204000,0.042049,0.019261,0.204000,0.042049
EXP5_APRIORI,10000,35.0000,15652,0.015984,0.116000,0.032769,0.015984,0.116000,0.032769
EXP5_APRIORI,10000,35.0000,16956,0.015993,0.127000,0.033223,0.015993,0.127000,0.033223
EXP5_APRIORI,10000,36.0000,2608,0.016449,0.102000,0.034327,0.016449,0.102000,0.034327
EXP5_APRIORI,10000,34.0000,28695,0.019642,0.196000,0.043592,0.019642,0.196000,0.043592
EXP5_APRIORI,10000,35.0000,18260,0.015722,0.123000,0.032759,0.015722,0.123000,0.032759
EXP5_APRIORI,10000,36.0000,3913,0.015919,0.116000,0.033210,0.015919,0.116000,0.033210
EXP5_APRIORI,10000,36.0000,5217,0.015940,0.112000,0.033203,0.015940,0.112000,0.033203
EXP5_APRIORI,10000,35.0000,19565,0.015916,0.121000,0.032635,0.015916,0.121000,0.032635
EXP5_APRIORI,10000,34.0000,30000,0.019153,0.225000,0.042433,0.019153,0.225000,0.042433
EXP5_APRIORI,10000,36.0000,6521,0.015950,0.106000,0.033511,0.015950,0.106000,0.033511
EXP5_APRIORI,10000,36.0000,7826,0.015581,0.115000,0.031940,0.015581,0.115000,0.031940
EXP5_APRIORI,10000,35.0000,20869,0.016563,0.122000,0.033552,0.016563,0.122000,0.033552
EXP5_APRIORI,10000,35.0000,22173,0.016996,0.128000,0.036071,0.016996,0.128000,0.036071
EXP5_APRIORI,10000,36.0000,9130,0.015419,0.114000,0.032132,0.015419,0.114000,0.032132
EXP5_APRIORI,10000,35.0000,23478,0.017103,0.138000,0.036687,0.017103,0.138000,0.036687
EXP5_APRIORI,10000,36.0000,10434,0.015867,0.105000,0.033393,0.015867,0.105000,0.033393
EXP5_APRIORI,10000,35.0000,24782,0.016706,0.131000,0.036323,0.016706,0.131000,0.036323
EXP5_APRIORI,10000,36.0000,11739,0.016249,0.101000,0.033983,0.016249,0.101000,0.033983
EXP5_APRIORI,10000,36.0000,13043,0.015879,0.108000,0.033501,0.015879,0.108000,0.033501
EXP5_APRIORI,10000,35.0000,26086,0.017126,0.133000,0.036361,0.017126,0.133000,0.036361
EXP5_APRIORI,10000,36.0000,14347,0.016174,0.104000,0.033398,0.016174,0.104000,0.033398
EXP5_APRIORI,10000,None,0,0.015940,0.105000,0.033795,0.015940,0.105000,0.033795
EXP5_APRIORI,10000,35.0000,27391,0.017147,0.153000,0.036514,0.017147,0.153000,0.036514
EXP5_APRIORI,10000,37.0000,1304,0.015902,0.104000,0.033234,0.015902,0.104000,0.033234
EXP5_APRIORI,10000,36.0000,15652,0.016200,0.100000,0.033943,0.016200,0.100000,0.033943
EXP5_APRIORI,10000,35.0000,28695,0.016903,0.171000,0.036111,0.016903,0.171000,0.036111
EXP5_APRIORI,10000,37.0000,2608,0.016452,0.105000,0.033919,0.016452,0.105000,0.033919
EXP5_APRIORI,10000,36.0000,16956,0.016159,0.103000,0.032685,0.016159,0.103000,0.032685
EXP5_APRIORI,10000,37.0000,3913,0.015841,0.096000,0.033561,0.015841,0.096000,0.033561
EXP5_APRIORI,10000,36.0000,18260,0.015966,0.107000,0.034285,0.015966,0.107000,0.034285
EXP5_APRIORI,10000,35.0000,30000,0.017703,0.168000,0.037765,0.017703,0.168000,0.037765
EXP5_APRIORI,10000,36.0000,19565,0.015934,0.112000,0.033211,0.015934,0.112000,0.033211
EXP5_APRIORI,10000,37.0000,5217,0.015636,0.103000,0.032703,0.015636,0.103000,0.032703
EXP5_APRIORI,10000,37.0000,6521,0.015650,0.108000,0.032571,0.015650,0.108000,0.032571
EXP5_APRIORI,10000,36.0000,20869,0.015763,0.111000,0.032962,0.015763,0.111000,0.032962
EXP5_APRIORI,10000,37.0000,7826,0.015348,0.096000,0.031874,0.015348,0.096000,0.031874
EXP5_APRIORI,10000,36.0000,22173,0.015475,0.123000,0.032304,0.015475,0.123000,0.032304
EXP5_APRIORI,10000,37.0000,9130,0.015851,0.098000,0.033679,0.015851,0.098000,0.033679
EXP5_APRIORI,10000,37.0000,10434,0.015813,0.104000,0.032772,0.015813,0.104000,0.032772
EXP5_APRIORI,10000,36.0000,23478,0.016656,0.116000,0.034195,0.016656,0.116000,0.034195
EXP5_APRIORI,10000,37.0000,11739,0.015959,0.091000,0.033417,0.015959,0.091000,0.033417
EXP5_APRIORI,10000,36.0000,24782,0.017047,0.125000,0.035883,0.017047,0.125000,0.035883
EXP5_APRIORI,10000,37.0000,13043,0.015960,0.101000,0.033019,0.015960,0.101000,0.033019
EXP5_APRIORI,10000,36.0000,26086,0.016677,0.130000,0.035896,0.016677,0.130000,0.035896
EXP5_APRIORI,10000,37.0000,14347,0.015791,0.107000,0.033153,0.015791,0.107000,0.033153
EXP5_APRIORI,10000,36.0000,27391,0.016937,0.147000,0.034642,0.016937,0.147000,0.034642
EXP5_APRIORI,10000,37.0000,15652,0.015759,0.107000,0.033154,0.015759,0.107000,0.033154
EXP5_APRIORI,10000,None,0,0.015940,0.105000,0.033795,0.015940,0.105000,0.033795
EXP5_APRIORI,10000,38.0000,1304,0.016637,0.108000,0.034673,0.016637,0.108000,0.034673
EXP5_APRIORI,10000,37.0000,16956,0.016007,0.099000,0.033693,0.016007,0.099000,0.033693
EXP5_APRIORI,10000,38.0000,2608,0.016030,0.103000,0.033126,0.016030,0.103000,0.033126
EXP5_APRIORI,10000,37.0000,18260,0.015796,0.115000,0.033293,0.015796,0.115000,0.033293
EXP5_APRIORI,10000,36.0000,28695,0.016598,0.148000,0.036919,0.016598,0.148000,0.036919
EXP5_APRIORI,10000,38.0000,3913,0.016134,0.111000,0.033779,0.016134,0.111000,0.033779
EXP5_APRIORI,10000,36.0000,30000,0.017534,0.144000,0.036827,0.017534,0.144000,0.036827
EXP5_APRIORI,10000,38.0000,5217,0.015731,0.116000,0.033140,0.015731,0.116000,0.033140
EXP5_APRIORI,10000,37.0000,19565,0.015771,0.116000,0.033120,0.015771,0.116000,0.033120
EXP5_APRIORI,10000,38.0000,6521,0.015924,0.105000,0.032785,0.015924,0.105000,0.032785
EXP5_APRIORI,10000,37.0000,20869,0.016229,0.113000,0.033766,0.016229,0.113000,0.033766
EXP5_APRIORI,10000,38.0000,7826,0.015506,0.101000,0.033231,0.015506,0.101000,0.033231
EXP5_APRIORI,10000,37.0000,22173,0.016110,0.119000,0.034132,0.016110,0.119000,0.034132
EXP5_APRIORI,10000,38.0000,9130,0.016241,0.108000,0.034116,0.016241,0.108000,0.034116
EXP5_APRIORI,10000,37.0000,23478,0.016176,0.113000,0.034141,0.016176,0.113000,0.034141
EXP5_APRIORI,10000,38.0000,10434,0.016150,0.104000,0.033052,0.016150,0.104000,0.033052
EXP5_APRIORI,10000,38.0000,11739,0.016234,0.096000,0.034333,0.016234,0.096000,0.034333
EXP5_APRIORI,10000,37.0000,24782,0.016246,0.119000,0.033964,0.016246,0.119000,0.033964
EXP5_APRIORI,10000,38.0000,14347,0.016190,0.108000,0.034095,0.016190,0.108000,0.034095
EXP5_APRIORI,10000,37.0000,26086,0.015764,0.127000,0.033677,0.015764,0.127000,0.033677
EXP5_APRIORI,10000,38.0000,13043,0.015860,0.103000,0.033035,0.015860,0.103000,0.033035
EXP5_APRIORI,10000,38.0000,15652,0.016158,0.104000,0.034574,0.016158,0.104000,0.034574
EXP5_APRIORI,10000,37.0000,27391,0.015633,0.141000,0.033565,0.015633,0.141000,0.033565
EXP5_APRIORI,10000,38.0000,16956,0.016022,0.104000,0.033820,0.016022,0.104000,0.033820
EXP5_APRIORI,10000,37.0000,28695,0.016444,0.121000,0.034434,0.016444,0.121000,0.034434
EXP5_APRIORI,10000,37.0000,30000,0.016701,0.130000,0.035381,0.016701,0.130000,0.035381
EXP5_APRIORI,10000,38.0000,18260,0.015945,0.102000,0.032952,0.015945,0.102000,0.032952
EXP5_APRIORI,10000,38.0000,19565,0.015957,0.108000,0.033182,0.015957,0.108000,0.033182
EXP5_APRIORI,10000,38.0000,20869,0.015864,0.113000,0.033473,0.015864,0.113000,0.033473
EXP5_APRIORI,10000,38.0000,22173,0.015931,0.106000,0.034784,0.015931,0.106000,0.034784
EXP5_APRIORI,10000,38.0000,23478,0.016038,0.115000,0.033255,0.016038,0.115000,0.033255
EXP5_APRIORI,10000,38.0000,24782,0.015947,0.114000,0.034274,0.015947,0.114000,0.034274
EXP5_APRIORI,10000,38.0000,26086,0.016022,0.122000,0.034029,0.016022,0.122000,0.034029
EXP5_APRIORI,10000,38.0000,27391,0.016018,0.118000,0.033908,0.016018,0.118000,0.033908
EXP5_APRIORI,10000,38.0000,28695,0.016329,0.123000,0.034151,0.016329,0.123000,0.034151
EXP5_APRIORI,10000,38.0000,30000,0.016487,0.121000,0.034958,0.016487,0.121000,0.034958
EXP6_BEST,10000,28.0614,20000,0.034679,0.168000,0.051975,0.045374,0.067000,0.062869
EXP6_BEST,10000,28.0576,20000,0.017290,0.134000,0.026396,0.029532,0.060000,0.035763
EXP6_BEST,10000,27.9834,20000,0.027099,0.158000,0.033087,0.044750,0.070000,0.041385
EXP6_BEST,10000,28.0089,20000,0.034814,0.165000,0.056211,0.039636,0.077000,0.065083
EXP6_BEST,10000,28.0951,20000,0.016101,0.151000,0.025007,0.022817,0.063000,0.033510
EXP6_BEST,10000,27.9653,20000,0.023603,0.128000,0.031265,0.044256,0.046000,0.040802
EXP6_BEST,10000,27.9421,20000,0.015943,0.139000,0.030910,0.020854,0.058000,0.036410
EXP6_BEST,10000,28.1047,20000,0.039820,0.134000,0.038164,0.056880,0.045000,0.049410
EXP6_BEST,10000,28.0038,20000,0.019672,0.144000,0.030063,0.020923,0.081000,0.035517
EXP6_BEST,10000,28.0076,20000,0.021434,0.141000,0.031540,0.038299,0.052000,0.038651
EXP6_BEST,10000,28.0244,20000,0.018013,0.152000,0.029105,0.031771,0.057000,0.044276
EXP6_BEST,10000,27.9682,20000,0.028041,0.144000,0.029020,0.049910,0.067000,0.036989
EXP6_BEST,10000,27.9300,20000,0.024267,0.143000,0.039507,0.047937,0.066000,0.046967
EXP6_BEST,10000,28.0124,20000,0.023194,0.144000,0.031137,0.043432,0.037000,0.043232
EXP6_BEST,10000,27.9616,20000,0.023877,0.135000,0.035887,0.040702,0.049000,0.046734
EXP6_BEST,10000,28.1834,20000,0.028610,0.180000,0.041884,0.037196,0.079000,0.053866
EXP6_BEST,10000,28.1038,20000,0.033517,0.154000,0.041626,0.052767,0.058000,0.050386
EXP6_BEST,10000,28.0461,20000,0.019268,0.136000,0.024069,0.037987,0.062000,0.030743
EXP6_BEST,10000,27.9923,20000,0.017038,0.154000,0.030660,0.033183,0.060000,0.040884
EXP6_BEST,10000,28.1042,20000,0.047942,0.147000,0.030135,0.061909,0.054000,0.042682
EXP6_BEST,10000,27.8623,20000,0.024263,0.168000,0.041609,0.038133,0.071000,0.052126
EXP6_BEST,10000,27.9386,20000,0.035228,0.146000,0.033870,0.045184,0.057000,0.044208
EXP6_BEST,10000,27.9632,20000,0.029637,0.159000,0.042859,0.044396,0.054000,0.051552
EXP6_BEST,10000,28.0709,20000,0.021593,0.159000,0.029187,0.030002,0.074000,0.035793
EXP6_BEST,10000,27.8498,20000,0.019017,0.167000,0.040013,0.033693,0.053000,0.050781
EXP6_BEST,10000,28.1453,20000,0.014664,0.139000,0.024536,0.031390,0.060000,0.034827
EXP6_BEST,10000,28.0257,20000,0.022777,0.161000,0.030164,0.034436,0.061000,0.043150
EXP6_BEST,10000,27.8768,20000,0.024248,0.149000,0.037064,0.040523,0.071000,0.044735
EXP6_BEST,10000,27.9279,20000,0.025324,0.172000,0.037416,0.060058,0.061000,0.070812
EXP6_BEST,10000,28.0692,20000,0.049745,0.145000,0.041459,0.062041,0.055000,0.050534
EXP6_BEST,10000,28.0189,20000,0.027056,0.165000,0.040655,0.037293,0.058000,0.054052
EXP6_BEST,10000,27.9633,20000,0.027388,0.131000,0.034789,0.040960,0.049000,0.041095
EXP6_BEST,10000,27.9562,20000,0.029477,0.152000,0.048823,0.047382,0.048000,0.058875
EXP6_BEST,10000,27.9612,20000,0.033559,0.167000,0.056784,0.050714,0.055000,0.069444
EXP6_BEST,10000,27.9046,20000,0.037121,0.168000,0.037671,0.048048,0.059000,0.052425
EXP6_BEST,10000,27.9038,20000,0.019038,0.129000,0.034665,0.024162,0.063000,0.040018
EXP6_BEST,10000,27.8916,20000,0.017478,0.161000,0.032773,0.023688,0.070000,0.039866
EXP6_BEST,10000,27.9381,20000,0.019629,0.160000,0.034739,0.046126,0.061000,0.059606
EXP6_BEST,10000,27.8548,20000,0.018425,0.158000,0.034705,0.026305,0.054000,0.044255
EXP6_BEST,10000,28.0027,20000,0.027303,0.136000,0.037101,0.032331,0.060000,0.042930
EXP6_BEST,10000,27.9671,20000,0.028695,0.143000,0.039428,0.038359,0.049000,0.050712
EXP6_BEST,10000,28.0329,20000,0.020020,0.145000,0.026615,0.037782,0.054000,0.048467
EXP6_BEST,10000,27.9495,20000,0.020707,0.145000,0.034635,0.037800,0.060000,0.043380
EXP6_BEST,10000,27.8678,20000,0.017015,0.152000,0.033137,0.028302,0.054000,0.042258
EXP6_BEST,10000,27.9527,20000,0.033014,0.157000,0.047755,0.053125,0.053000,0.062404
EXP6_BEST,10000,27.7939,20000,0.032677,0.140000,0.053111,0.050356,0.056000,0.064959
EXP6_BEST,10000,28.0980,20000,0.024183,0.158000,0.027650,0.042236,0.065000,0.050244
EXP6_BEST,10000,27.8713,20000,0.020402,0.168000,0.036928,0.031129,0.071000,0.044921
EXP6_RANDOM,10000,27.5297,20000,0.034852,0.177000,0.056974,0.063559,0.076000,0.101683
EXP6_RANDOM,10000,25.1405,20000,0.050576,0.463000,0.107933,0.082869,0.219000,0.165014
EXP6_RANDOM,10000,30.4485,20000,0.039807,0.371000,0.053143,0.057669,0.147000,0.069613
EXP6_RANDOM,10000,32.1376,20000,0.060760,0.546000,0.095257,0.054934,0.277000,0.082195
EXP6_RANDOM,10000,32.7249,20000,0.060285,0.574000,0.068187,0.044755,0.277000,0.059058
EXP6_RANDOM,10000,29.5215,20000,0.035161,0.222000,0.055631,0.038744,0.087000,0.062695
EXP6_RANDOM,10000,29.7543,20000,0.035021,0.252000,0.054619,0.055821,0.091000,0.078326
EXP6_RANDOM,10000,27.3699,20000,0.030166,0.162000,0.060875,0.059125,0.059000,0.091390
EXP6_RANDOM,10000,26.9316,20000,0.067220,0.217000,0.115496,0.085874,0.088000,0.148730
EXP6_RANDOM,10000,23.8702,20000,0.068097,0.583000,0.111387,0.089257,0.359000,0.156038
EXP6_RANDOM,10000,31.5834,20000,0.043401,0.549000,0.050036,0.046281,0.267000,0.062939
EXP6_RANDOM,10000,30.6109,20000,0.034852,0.432000,0.054882,0.069252,0.164000,0.072746
EXP6_RANDOM,10000,27.6393,20000,0.029923,0.190000,0.055440,0.036810,0.073000,0.063428
EXP6_RANDOM,10000,26.4651,20000,0.076448,0.263000,0.135504,0.094875,0.096000,0.180999
EXP6_RANDOM,10000,26.9333,20000,0.055222,0.192000,0.090507,0.076028,0.059000,0.127079
EXP6_RANDOM,10000,28.6329,20000,0.026578,0.190000,0.040557,0.060217,0.072000,0.060592
EXP6_RANDOM,10000,27.8905,20000,0.023061,0.153000,0.034619,0.041290,0.057000,0.057056
EXP6_RANDOM,10000,23.9265,20000,0.050280,0.620000,0.092245,0.079864,0.349000,0.149030
EXP6_RANDOM,10000,28.0709,20000,0.021593,0.159000,0.029187,0.030002,0.074000,0.035793
EXP6_RANDOM,10000,26.8689,20000,0.053323,0.201000,0.093213,0.076126,0.078000,0.138172
EXP6_RANDOM,10000,28.4564,20000,0.023774,0.158000,0.030180,0.033530,0.061000,0.040241
EXP6_RANDOM,10000,31.1416,20000,0.034587,0.501000,0.062502,0.045261,0.205000,0.075644
EXP6_RANDOM,10000,23.8024,20000,0.063486,0.570000,0.104469,0.102365,0.342000,0.178385
EXP6_RANDOM,10000,30.3200,20000,0.038324,0.376000,0.065310,0.062125,0.135000,0.090265
EXP6_RANDOM,10000,29.8653,20000,0.033954,0.249000,0.061470,0.053170,0.092000,0.071503
EXP6_RANDOM,10000,29.3689,20000,0.036007,0.223000,0.050408,0.053349,0.088000,0.071977
EXP6_RANDOM,10000,30.3517,20000,0.033151,0.334000,0.057828,0.055739,0.116000,0.078189
EXP6_RANDOM,10000,28.8832,20000,0.033505,0.156000,0.044840,0.055142,0.059000,0.075644
EXP6_RANDOM,10000,24.9107,20000,0.055006,0.525000,0.093252,0.086652,0.237000,0.155864
EXP6_RANDOM,10000,30.8187,20000,0.030007,0.428000,0.057784,0.054119,0.165000,0.075644
EXP6_RANDOM,10000,29.4870,20000,0.035481,0.213000,0.055189,0.073406,0.067000,0.074815
EXP6_RANDOM,10000,25.7351,20000,0.048269,0.358000,0.096620,0.089319,0.117000,0.183442
EXP6_BASE_10K,10000,None,0,0.027634,0.262000,0.038266,0.043639,0.114000,0.049294
EXP6_RANDOM,10000,28.2579,20000,0.021347,0.170000,0.030145,0.040409,0.072000,0.037771
EXP6_RANDOM,10000,27.8715,20000,0.028317,0.154000,0.042642,0.035438,0.061000,0.050526
EXP6_RANDOM,10000,27.1671,20000,0.046296,0.186000,0.082892,0.061608,0.083000,0.104126
EXP6_RANDOM,10000,31.9258,20000,0.041102,0.571000,0.062107,0.041329,0.266000,0.059954
EXP6_RANDOM,10000,32.6968,20000,0.073202,0.583000,0.078928,0.047466,0.260000,0.055208
EXP6_RANDOM,10000,26.1200,20000,0.050517,0.307000,0.096422,0.067979,0.100000,0.127862
EXP6_RANDOM,10000,23.8531,20000,0.061617,0.578000,0.115518,0.083116,0.372000,0.135125
EXP6_RANDOM,10000,24.5054,20000,0.075239,0.504000,0.120047,0.118618,0.282000,0.233596
EXP6_RANDOM,10000,26.9358,20000,0.063716,0.220000,0.104483,0.086738,0.083000,0.147511
EXP6_RANDOM,10000,26.4274,20000,0.054717,0.244000,0.097071,0.085862,0.069000,0.165145
EXP6_RANDOM,10000,26.4364,20000,0.048216,0.241000,0.088699,0.083149,0.063000,0.155109
EXP6_RANDOM,10000,24.3254,20000,0.074517,0.552000,0.126550,0.121264,0.290000,0.231097
EXP6_RANDOM,10000,28.4686,20000,0.045276,0.192000,0.060547,0.063302,0.090000,0.087728
EXP6_BASE_30K,30000,None,0,0.014753,0.125000,0.026269,0.033814,0.059000,0.034694
