[ikvasilev@sms results]$ cat all_experiments_h1.csv
Experiment,Recipient_Size,Donor_R,Donor_Size,rmse_01,np_01,mape_01,rmse_03,np_03,mape_03
EXP1_CLEAR,10000,None,0,0.010499,0.239000,0.018281,0.014766,0.105000,0.025263
EXP1_CLEAR,11304,None,0,0.010317,0.218000,0.017824,0.012692,0.090000,0.021226
EXP1_CLEAR,12608,None,0,0.008799,0.253000,0.017482,0.027589,0.126000,0.030428
EXP1_CLEAR,13913,None,0,0.009532,0.212000,0.017722,0.027336,0.099000,0.020773
EXP1_CLEAR,15217,None,0,0.008688,0.186000,0.017144,0.016295,0.091000,0.020626
EXP1_CLEAR,16521,None,0,0.011556,0.195000,0.018554,0.018517,0.089000,0.021881
EXP1_CLEAR,17826,None,0,0.007908,0.200000,0.014703,0.012824,0.086000,0.017834
EXP1_CLEAR,19130,None,0,0.009726,0.172000,0.016913,0.016754,0.091000,0.020289
EXP1_CLEAR,20434,None,0,0.008942,0.136000,0.017874,0.023431,0.057000,0.020831
EXP2_MIX,1818,27.9000,8182,0.023176,0.387000,0.035710,0.039350,0.218000,0.052794
EXP1_CLEAR,21739,None,0,0.008898,0.192000,0.016940,0.015903,0.079000,0.025871
EXP2_MIX,0,27.9000,10000,0.010333,0.237000,0.022497,0.029138,0.113000,0.035473
EXP2_MIX,909,27.9000,9091,0.070601,0.587000,0.103732,0.069534,0.402000,0.107183
EXP2_MIX,2727,27.9000,7273,0.036190,0.402000,0.045742,0.054143,0.200000,0.076657
EXP1_CLEAR,23043,None,0,0.008513,0.134000,0.017325,0.014430,0.054000,0.020589
EXP2_MIX,3636,27.9000,6364,0.029609,0.290000,0.030266,0.034252,0.157000,0.033422
EXP1_CLEAR,24347,None,0,0.009009,0.129000,0.016213,0.011069,0.064000,0.017729
EXP1_CLEAR,25652,None,0,0.012292,0.127000,0.017618,0.013103,0.058000,0.020003
EXP1_CLEAR,26956,None,0,0.008493,0.108000,0.014788,0.011003,0.045000,0.018050
EXP1_CLEAR,29565,None,0,0.008291,0.132000,0.015527,0.010292,0.057000,0.018775
EXP1_CLEAR,28260,None,0,0.008242,0.122000,0.015199,0.011958,0.059000,0.018387
EXP2_MIX,5454,27.9000,4546,0.010370,0.317000,0.021238,0.015481,0.162000,0.024278
EXP2_MIX,4545,27.9000,5455,0.011471,0.308000,0.023528,0.017318,0.150000,0.031429
EXP1_CLEAR,30869,None,0,0.008324,0.120000,0.014571,0.011180,0.053000,0.017089
EXP1_CLEAR,32173,None,0,0.007928,0.117000,0.014176,0.014430,0.048000,0.017321
EXP1_CLEAR,34782,None,0,0.009425,0.078000,0.016369,0.014765,0.031000,0.020945
EXP2_MIX,9090,27.9000,910,0.009857,0.279000,0.020578,0.012457,0.140000,0.024230
EXP2_MIX,7272,27.9000,2728,0.009008,0.291000,0.017200,0.015511,0.167000,0.022283
EXP2_MIX,8181,27.9000,1819,0.009691,0.260000,0.018464,0.017820,0.142000,0.023122
EXP2_MIX,6363,27.9000,3637,0.010682,0.253000,0.018741,0.015025,0.117000,0.022849
EXP2_MIX,1818,28.0001,8182,0.012568,0.309000,0.029344,0.019085,0.137000,0.039648
EXP2_MIX,2727,28.0001,7273,0.012273,0.316000,0.025820,0.019813,0.153000,0.031291
EXP2_MIX,909,28.0001,9091,0.019777,0.381000,0.034342,0.037629,0.216000,0.043242
EXP2_MIX,10000,None,0,0.010499,0.239000,0.018281,0.014766,0.105000,0.025263
EXP2_MIX,0,28.0001,10000,0.025212,0.316000,0.029764,0.039092,0.154000,0.053241
EXP1_CLEAR,33478,None,0,0.008592,0.092000,0.015297,0.021254,0.041000,0.020628
EXP2_MIX,6363,28.0001,3637,0.010653,0.294000,0.019439,0.015467,0.132000,0.024815
EXP2_MIX,7272,28.0001,2728,0.010817,0.279000,0.018746,0.020872,0.158000,0.028778
EXP1_CLEAR,36086,None,0,0.012657,0.107000,0.016290,0.019567,0.050000,0.019238
EXP2_MIX,5454,28.0001,4546,0.016558,0.329000,0.024215,0.027233,0.166000,0.028945
EXP2_MIX,3636,28.0001,6364,0.058758,0.488000,0.068376,0.059323,0.301000,0.079173
EXP2_MIX,4545,28.0001,5455,0.014607,0.341000,0.026699,0.017036,0.165000,0.031749
EXP2_MIX,8181,28.0001,1819,0.014559,0.274000,0.020398,0.016537,0.144000,0.024642
EXP2_MIX,9090,28.0001,910,0.010292,0.282000,0.021210,0.013540,0.150000,0.026373
EXP1_CLEAR,37391,None,0,0.008176,0.094000,0.015909,0.011179,0.030000,0.018299
EXP1_CLEAR,38695,None,0,0.008436,0.087000,0.015866,0.019177,0.028000,0.021004
EXP2_MIX,10000,None,0,0.010499,0.239000,0.018281,0.014766,0.105000,0.025263
EXP2_MIX,909,28.0100,9091,0.147061,0.629000,0.295684,0.140624,0.543000,0.293337
EXP2_MIX,0,28.0100,10000,0.033514,0.420000,0.051556,0.042430,0.240000,0.064157
EXP2_MIX,1818,28.0100,8182,0.078696,0.589000,0.105885,0.083510,0.409000,0.132600
EXP2_MIX,2727,28.0100,7273,0.010559,0.274000,0.021533,0.014954,0.152000,0.029597
EXP2_MIX,5454,28.1000,4546,0.009803,0.319000,0.016896,0.031390,0.158000,0.027234
EXP2_MIX,3636,28.0100,6364,0.035532,0.455000,0.053788,0.039354,0.270000,0.060550
EXP2_MIX,4545,28.0100,5455,0.013483,0.348000,0.025511,0.020664,0.160000,0.030169
EXP2_MIX,6363,28.0100,3637,0.011247,0.322000,0.018448,0.016784,0.153000,0.024329
EXP2_MIX,7272,28.0100,2728,0.010463,0.306000,0.018114,0.020563,0.174000,0.028236
EXP2_MIX,5454,28.0100,4546,0.017952,0.299000,0.023600,0.019568,0.156000,0.027435
EXP2_MIX,10000,None,0,0.010499,0.239000,0.018281,0.014766,0.105000,0.025263
EXP2_MIX,9090,28.0100,910,0.010826,0.271000,0.022258,0.014100,0.135000,0.025199
EXP2_MIX,8181,28.0100,1819,0.011758,0.275000,0.020306,0.013927,0.154000,0.023212
EXP2_MIX,1818,28.1000,8182,0.049744,0.541000,0.057291,0.049793,0.335000,0.064485
EXP2_MIX,2727,28.1000,7273,0.047581,0.472000,0.058839,0.053449,0.292000,0.078159
EXP2_MIX,0,28.1000,10000,0.028392,0.326000,0.028621,0.028227,0.180000,0.032942
EXP2_MIX,909,28.1000,9091,0.100252,0.624000,0.164701,0.096227,0.495000,0.165121
EXP2_MIX,4545,28.1000,5455,0.012055,0.334000,0.022872,0.015430,0.160000,0.026761
EXP2_MIX,3636,28.1000,6364,0.012284,0.291000,0.020520,0.017867,0.155000,0.023772
EXP2_MIX,6363,28.1000,3637,0.009736,0.269000,0.016928,0.016131,0.126000,0.023099
EXP2_MIX,8181,28.1000,1819,0.009539,0.272000,0.017937,0.028658,0.142000,0.027522
EXP2_MIX,7272,28.1000,2728,0.009780,0.280000,0.016614,0.016471,0.163000,0.020694
EXP2_MIX,9090,28.1000,910,0.010001,0.286000,0.021722,0.013075,0.142000,0.025233
EXP2_MIX,10000,None,0,0.010499,0.239000,0.018281,0.014766,0.105000,0.025263
EXP3_HYBRID,10000,None,0,0.010499,0.239000,0.018281,0.014766,0.105000,0.025263
EXP3_HYBRID,10000,27.9000,1304,0.008410,0.218000,0.017482,0.013471,0.093000,0.023966
EXP3_HYBRID,10000,27.9000,2608,0.009713,0.210000,0.017230,0.028636,0.091000,0.033553
EXP3_HYBRID,10000,27.9000,3913,0.008217,0.184000,0.017428,0.028569,0.072000,0.033381
EXP3_HYBRID,10000,27.9000,5217,0.009643,0.176000,0.018287,0.012764,0.072000,0.022825
EXP1_CLEAR,40000,None,0,0.008609,0.113000,0.014561,0.016846,0.053000,0.017148
EXP3_HYBRID,10000,27.9000,6521,0.007916,0.178000,0.016906,0.027579,0.071000,0.023120
EXP3_HYBRID,10000,27.9000,7826,0.008421,0.160000,0.016899,0.026917,0.062000,0.028884
EXP3_HYBRID,10000,27.9000,10434,0.008133,0.137000,0.017542,0.010867,0.060000,0.020861
EXP3_HYBRID,10000,27.9000,11739,0.008057,0.129000,0.017407,0.009905,0.053000,0.020251
EXP3_HYBRID,10000,27.9000,9130,0.008414,0.149000,0.017464,0.011990,0.058000,0.021198
EXP3_HYBRID,10000,27.9000,13043,0.008180,0.117000,0.017555,0.011826,0.049000,0.021041
EXP3_HYBRID,10000,27.9000,14347,0.008580,0.128000,0.018180,0.011557,0.043000,0.020286
EXP3_HYBRID,10000,27.9000,15652,0.008742,0.126000,0.017529,0.011304,0.033000,0.021089
EXP3_HYBRID,10000,27.9000,16956,0.008810,0.135000,0.017011,0.010026,0.050000,0.019912
EXP3_HYBRID,10000,27.9000,20869,0.009212,0.104000,0.017502,0.013023,0.031000,0.020388
EXP2_MIX,10000,None,0,0.010499,0.239000,0.018281,0.014766,0.105000,0.025263
EXP3_HYBRID,10000,None,0,0.010499,0.239000,0.018281,0.014766,0.105000,0.025263
EXP2_MIX,10000,None,0,0.010499,0.239000,0.018281,0.014766,0.105000,0.025263
EXP3_HYBRID,10000,27.9000,22173,0.009598,0.101000,0.018184,0.011158,0.032000,0.021278
EXP2_MIX,10000,None,0,0.010499,0.239000,0.018281,0.014766,0.105000,0.025263
EXP2_MIX,10000,None,0,0.010499,0.239000,0.018281,0.014766,0.105000,0.025263
EXP3_HYBRID,10000,27.9000,18260,0.008894,0.136000,0.017100,0.010947,0.039000,0.020379
EXP3_HYBRID,10000,27.9000,19565,0.009429,0.114000,0.016999,0.013178,0.031000,0.020786
EXP3_HYBRID,10000,None,0,0.010499,0.239000,0.018281,0.014766,0.105000,0.025263
EXP3_HYBRID,10000,27.9000,24782,0.008957,0.099000,0.017387,0.012645,0.037000,0.020593
EXP3_HYBRID,10000,27.9000,23478,0.009847,0.099000,0.018368,0.013185,0.024000,0.021333
EXP3_HYBRID,10000,27.9900,1304,0.009815,0.235000,0.017111,0.015243,0.108000,0.020960
EXP3_HYBRID,10000,27.9900,2608,0.010811,0.209000,0.019060,0.018160,0.083000,0.023763
EXP3_HYBRID,10000,27.9900,3913,0.007882,0.189000,0.016997,0.013298,0.056000,0.021554
EXP3_HYBRID,10000,27.9900,5217,0.008210,0.181000,0.017056,0.013683,0.065000,0.021946
EXP3_HYBRID,10000,27.9000,16956,0.008810,0.135000,0.017011,0.010026,0.050000,0.019912
EXP3_HYBRID,10000,27.9900,6521,0.008405,0.172000,0.016528,0.012234,0.063000,0.021665
EXP3_HYBRID,10000,27.9000,18260,0.008894,0.136000,0.017100,0.010947,0.039000,0.020379
EXP3_HYBRID,10000,27.9000,27391,0.009027,0.094000,0.017671,0.012780,0.033000,0.020849
EXP3_HYBRID,10000,27.9000,19565,0.009429,0.114000,0.016999,0.013178,0.031000,0.020786
EXP3_HYBRID,10000,27.9900,7826,0.008713,0.155000,0.017442,0.011255,0.066000,0.021922
EXP3_HYBRID,10000,27.9000,20869,0.009212,0.104000,0.017502,0.013023,0.031000,0.020388
EXP3_HYBRID,10000,27.9000,28695,0.009371,0.081000,0.017909,0.012625,0.031000,0.019841
EXP3_HYBRID,10000,27.9000,22173,0.009598,0.101000,0.018184,0.011158,0.032000,0.021278
EXP3_HYBRID,10000,27.9000,26086,0.009638,0.086000,0.017291,0.013975,0.020000,0.020750
EXP3_HYBRID,10000,27.9000,23478,0.009847,0.099000,0.018368,0.013185,0.024000,0.021333
EXP3_HYBRID,10000,27.9000,24782,0.008957,0.099000,0.017387,0.012645,0.037000,0.020593
EXP3_HYBRID,10000,27.9900,10434,0.008962,0.145000,0.017738,0.012400,0.064000,0.021394
EXP3_HYBRID,10000,27.9900,9130,0.008248,0.166000,0.016442,0.010761,0.064000,0.021459
EXP3_HYBRID,10000,27.9900,11739,0.008516,0.131000,0.017161,0.011707,0.057000,0.020659
EXP3_HYBRID,10000,None,0,0.010499,0.239000,0.018281,0.014766,0.105000,0.025263
EXP3_HYBRID,10000,27.9000,27391,0.009027,0.094000,0.017671,0.012780,0.033000,0.020849
EXP3_HYBRID,10000,27.9900,14347,0.008159,0.122000,0.016256,0.010737,0.051000,0.018517
EXP3_HYBRID,10000,27.9900,15652,0.008418,0.134000,0.016933,0.010859,0.054000,0.020542
EXP3_HYBRID,10000,27.9900,13043,0.008329,0.147000,0.016842,0.011127,0.065000,0.019516
EXP3_HYBRID,10000,27.9900,16956,0.008603,0.127000,0.016620,0.011372,0.051000,0.019431
EXP3_HYBRID,10000,28.0001,1304,0.010586,0.237000,0.017460,0.013474,0.093000,0.022850
EXP3_HYBRID,10000,27.9000,26086,0.009638,0.086000,0.017291,0.013975,0.020000,0.020750
EXP3_HYBRID,10000,28.0001,2608,0.010525,0.204000,0.018052,0.012804,0.084000,0.021713
EXP3_HYBRID,10000,28.0001,3913,0.010046,0.193000,0.018693,0.013515,0.087000,0.022638
EXP3_HYBRID,10000,28.0001,5217,0.010291,0.206000,0.018365,0.013360,0.087000,0.023987
EXP3_HYBRID,10000,28.0001,6521,0.010608,0.192000,0.019186,0.017709,0.075000,0.025961
EXP3_HYBRID,10000,27.9000,28695,0.009371,0.081000,0.017909,0.012625,0.031000,0.019841
EXP3_HYBRID,10000,28.0001,7826,0.010658,0.190000,0.020339,0.020653,0.073000,0.026143
EXP3_HYBRID,10000,27.9900,18260,0.008182,0.120000,0.016600,0.010766,0.052000,0.018911
EXP3_HYBRID,10000,27.9900,20869,0.007945,0.111000,0.015315,0.008824,0.052000,0.016992
EXP3_HYBRID,10000,27.9000,30000,0.009719,0.081000,0.018670,0.013365,0.022000,0.021940
EXP3_HYBRID,10000,27.9900,19565,0.008800,0.110000,0.016699,0.010985,0.048000,0.018758
EXP3_HYBRID,10000,28.0001,9130,0.010929,0.174000,0.021561,0.019822,0.063000,0.027206
EXP3_HYBRID,10000,28.0001,10434,0.010923,0.170000,0.020685,0.014602,0.067000,0.023344
EXP3_HYBRID,10000,27.9900,24782,0.008636,0.101000,0.016233,0.010437,0.042000,0.018689
EXP3_HYBRID,10000,28.0001,13043,0.010627,0.161000,0.020636,0.015712,0.071000,0.023704
EXP3_HYBRID,10000,28.0001,11739,0.009730,0.163000,0.020477,0.013875,0.060000,0.024690
EXP3_HYBRID,10000,27.9900,22173,0.008497,0.116000,0.016266,0.009369,0.049000,0.017534
EXP3_HYBRID,10000,27.9900,26086,0.008408,0.105000,0.016069,0.010142,0.044000,0.018733
EXP3_HYBRID,10000,27.9900,23478,0.008744,0.103000,0.016765,0.009930,0.044000,0.018169
EXP3_HYBRID,10000,28.0001,14347,0.011038,0.150000,0.021249,0.014130,0.070000,0.025584
EXP3_HYBRID,10000,None,0,0.010499,0.239000,0.018281,0.014766,0.105000,0.025263
EXP3_HYBRID,10000,27.9900,27391,0.008556,0.102000,0.015998,0.009868,0.045000,0.018031
EXP3_HYBRID,10000,28.0100,1304,0.010570,0.232000,0.018826,0.016800,0.090000,0.024711
EXP3_HYBRID,10000,27.9900,28695,0.008826,0.099000,0.016534,0.011093,0.043000,0.018223
EXP3_HYBRID,10000,28.0100,2608,0.010590,0.221000,0.017738,0.013539,0.101000,0.022243
EXP3_HYBRID,10000,28.0001,15652,0.011257,0.150000,0.022191,0.013173,0.064000,0.024230
EXP3_HYBRID,10000,28.0001,16956,0.011276,0.142000,0.022380,0.016317,0.061000,0.027507
EXP3_HYBRID,10000,28.0100,5217,0.009932,0.189000,0.018502,0.016205,0.074000,0.022842
EXP3_HYBRID,10000,28.0100,3913,0.009816,0.208000,0.018818,0.018002,0.085000,0.023136
EXP3_HYBRID,10000,27.9900,30000,0.008828,0.091000,0.016374,0.011048,0.044000,0.018496
EXP3_HYBRID,10000,28.0001,18260,0.012146,0.141000,0.023184,0.015184,0.066000,0.026769
EXP3_HYBRID,10000,28.0001,19565,0.011969,0.135000,0.023698,0.015467,0.055000,0.026357
EXP3_HYBRID,10000,28.0100,6521,0.009202,0.207000,0.018303,0.013214,0.081000,0.023302
EXP3_HYBRID,10000,28.0100,7826,0.009944,0.200000,0.020586,0.017063,0.083000,0.025602
EXP3_HYBRID,10000,28.0001,20869,0.011481,0.129000,0.024829,0.015701,0.055000,0.028338
EXP3_HYBRID,10000,28.0100,9130,0.010870,0.197000,0.023414,0.014677,0.082000,0.026209
EXP3_HYBRID,10000,28.0100,10434,0.011429,0.179000,0.023655,0.016470,0.073000,0.028048
EXP3_HYBRID,10000,28.0001,22173,0.011391,0.130000,0.024238,0.015072,0.046000,0.026856
EXP3_HYBRID,10000,28.0001,23478,0.011451,0.116000,0.024909,0.014167,0.053000,0.027006
EXP3_HYBRID,10000,28.0001,24782,0.012008,0.116000,0.024986,0.014778,0.049000,0.027488
EXP3_HYBRID,10000,28.0100,11739,0.011964,0.162000,0.025472,0.017708,0.069000,0.030747
EXP3_HYBRID,10000,28.0100,13043,0.012387,0.175000,0.026567,0.017666,0.072000,0.030714
EXP3_HYBRID,10000,None,0,0.010499,0.239000,0.018281,0.014766,0.105000,0.025263
EXP3_HYBRID,10000,28.0100,15652,0.012925,0.150000,0.026706,0.015690,0.071000,0.029129
EXP3_HYBRID,10000,28.1000,1304,0.010159,0.230000,0.018473,0.032824,0.095000,0.026071
EXP3_HYBRID,10000,28.0001,27391,0.011679,0.114000,0.025119,0.017026,0.050000,0.029195
EXP3_HYBRID,10000,28.0100,16956,0.013462,0.150000,0.027947,0.019463,0.066000,0.031772
EXP3_HYBRID,10000,28.0100,14347,0.012872,0.171000,0.027172,0.014574,0.076000,0.030237
EXP3_HYBRID,10000,28.0001,26086,0.011350,0.118000,0.024411,0.016358,0.048000,0.028911
EXP3_HYBRID,10000,28.1000,2608,0.008883,0.195000,0.017635,0.012835,0.083000,0.022219
EXP3_HYBRID,10000,28.0100,18260,0.013506,0.153000,0.027680,0.019083,0.060000,0.032321
EXP3_HYBRID,10000,28.1000,3913,0.008505,0.192000,0.016415,0.011349,0.082000,0.020005
EXP3_HYBRID,10000,28.0100,19565,0.013677,0.150000,0.028218,0.017283,0.072000,0.032857
EXP3_HYBRID,10000,28.1000,5217,0.008839,0.187000,0.016815,0.011381,0.080000,0.020021
EXP3_HYBRID,10000,28.0001,30000,0.011992,0.112000,0.025350,0.016839,0.047000,0.028613
EXP3_HYBRID,10000,28.0100,20869,0.013193,0.163000,0.028075,0.022191,0.065000,0.032722
EXP3_HYBRID,10000,28.0001,28695,0.013175,0.117000,0.026306,0.015132,0.047000,0.028253
EXP3_HYBRID,10000,28.1000,6521,0.008267,0.188000,0.017345,0.014188,0.072000,0.021357
EXP3_HYBRID,10000,28.0100,22173,0.014412,0.146000,0.030342,0.020448,0.067000,0.035876
EXP3_HYBRID,10000,28.1000,7826,0.008505,0.195000,0.017503,0.010946,0.085000,0.021622
EXP3_HYBRID,10000,28.1000,9130,0.007960,0.189000,0.017689,0.010828,0.076000,0.020893
EXP3_HYBRID,10000,28.0100,23478,0.015837,0.136000,0.032470,0.019415,0.066000,0.035206
EXP3_HYBRID,10000,28.0100,24782,0.015773,0.152000,0.032855,0.020574,0.062000,0.037299
EXP3_HYBRID,10000,28.1000,13043,0.009198,0.161000,0.020589,0.010890,0.061000,0.022779
EXP3_HYBRID,10000,None,0,0.010499,0.239000,0.018281,0.014766,0.105000,0.025263
EXP3_HYBRID,10000,28.0100,26086,0.015882,0.136000,0.033122,0.019337,0.065000,0.036279
EXP3_HYBRID,10000,30.0000,1304,0.009405,0.232000,0.018126,0.013449,0.103000,0.022646
EXP3_HYBRID,10000,28.1000,10434,0.008429,0.196000,0.018546,0.011561,0.068000,0.022802
EXP3_HYBRID,10000,28.1000,16956,0.008947,0.161000,0.019527,0.012083,0.060000,0.022682
EXP3_HYBRID,10000,28.1000,14347,0.008404,0.151000,0.018919,0.010922,0.064000,0.022157
EXP3_HYBRID,10000,28.1000,11739,0.008570,0.179000,0.018072,0.010606,0.076000,0.021114
EXP3_HYBRID,10000,28.0100,28695,0.016102,0.141000,0.034447,0.026497,0.064000,0.040157
EXP3_HYBRID,10000,30.0000,2608,0.011026,0.218000,0.018530,0.031614,0.098000,0.022063
EXP3_HYBRID,10000,28.1000,18260,0.009220,0.158000,0.018938,0.011079,0.059000,0.022599
EXP3_HYBRID,10000,28.1000,15652,0.008658,0.144000,0.019430,0.010625,0.057000,0.021813
EXP3_HYBRID,10000,28.0100,27391,0.016419,0.132000,0.034341,0.026692,0.062000,0.040085
EXP3_HYBRID,10000,28.0100,30000,0.018118,0.129000,0.036942,0.022475,0.059000,0.039678
EXP3_HYBRID,10000,30.0000,3913,0.008841,0.252000,0.015071,0.013639,0.103000,0.021480
EXP3_HYBRID,10000,30.0000,5217,0.007944,0.233000,0.015569,0.014008,0.096000,0.021654
EXP3_HYBRID,10000,30.0000,6521,0.008077,0.238000,0.015787,0.011595,0.085000,0.020529
EXP3_HYBRID,10000,28.1000,19565,0.008834,0.133000,0.019084,0.012685,0.061000,0.022949
EXP3_HYBRID,10000,28.1000,20869,0.009670,0.127000,0.021593,0.018875,0.048000,0.024876
EXP3_HYBRID,10000,30.0000,10434,0.010637,0.236000,0.019174,0.013807,0.092000,0.022284
EXP3_HYBRID,10000,30.0000,7826,0.009180,0.233000,0.015929,0.014482,0.085000,0.021656
EXP3_HYBRID,10000,28.1000,24782,0.009874,0.112000,0.021828,0.022147,0.042000,0.026221
EXP3_HYBRID,10000,30.0000,11739,0.010331,0.257000,0.019203,0.014053,0.096000,0.024198
EXP3_HYBRID,10000,28.1000,22173,0.009893,0.119000,0.022143,0.021717,0.052000,0.026352
EXP3_HYBRID,10000,30.0000,9130,0.009284,0.220000,0.017415,0.013617,0.089000,0.022437
EXP3_HYBRID,10000,28.1000,26086,0.010070,0.129000,0.021549,0.021882,0.049000,0.026447
EXP3_HYBRID,10000,28.1000,23478,0.010077,0.123000,0.021120,0.014565,0.042000,0.025086
EXP3_HYBRID,10000,28.1000,28695,0.010008,0.120000,0.022571,0.013703,0.043000,0.024973
EXP3_HYBRID,10000,28.1000,27391,0.011592,0.113000,0.022176,0.014894,0.039000,0.024969
EXP3_HYBRID,10000,30.0000,13043,0.010611,0.238000,0.020434,0.012966,0.099000,0.023991
EXP3_HYBRID,10000,None,0,0.010499,0.239000,0.018281,0.014766,0.105000,0.025263
EXP3_HYBRID,10000,30.0000,15652,0.012459,0.227000,0.022633,0.015528,0.095000,0.026827
EXP3_HYBRID,10000,31.0000,1304,0.008779,0.244000,0.017059,0.044518,0.097000,0.026250
EXP3_HYBRID,10000,31.0000,2608,0.008255,0.253000,0.016409,0.042515,0.105000,0.023357
EXP3_HYBRID,10000,28.1000,30000,0.010800,0.110000,0.022830,0.013248,0.042000,0.024756
EXP3_HYBRID,10000,30.0000,16956,0.011959,0.239000,0.022769,0.015345,0.092000,0.027235
EXP3_HYBRID,10000,30.0000,18260,0.013277,0.216000,0.024278,0.016989,0.083000,0.028391
EXP3_HYBRID,10000,31.0000,3913,0.008053,0.282000,0.015215,0.013773,0.107000,0.021799
EXP3_HYBRID,10000,30.0000,14347,0.011834,0.236000,0.022724,0.015443,0.092000,0.026185
EXP3_HYBRID,10000,31.0000,5217,0.008267,0.290000,0.016068,0.011952,0.109000,0.019792
EXP3_HYBRID,10000,30.0000,19565,0.015463,0.219000,0.026479,0.017095,0.091000,0.029718
EXP3_HYBRID,10000,31.0000,6521,0.008811,0.288000,0.016249,0.012532,0.108000,0.020834
EXP3_HYBRID,10000,31.0000,7826,0.009228,0.318000,0.015811,0.012179,0.122000,0.019549
EXP3_HYBRID,10000,30.0000,20869,0.014367,0.219000,0.025868,0.015601,0.101000,0.028133
EXP3_HYBRID,10000,30.0000,22173,0.014589,0.211000,0.027316,0.016920,0.089000,0.031004
EXP3_HYBRID,10000,31.0000,9130,0.009702,0.326000,0.016035,0.012621,0.124000,0.020205
EXP3_HYBRID,10000,30.0000,23478,0.016032,0.202000,0.028334,0.018245,0.084000,0.030974
EXP3_HYBRID,10000,31.0000,10434,0.010027,0.316000,0.018137,0.013103,0.119000,0.021509
EXP3_HYBRID,10000,31.0000,11739,0.010090,0.320000,0.018305,0.014140,0.120000,0.022238
EXP3_HYBRID,10000,30.0000,24782,0.016522,0.208000,0.029144,0.019239,0.093000,0.032232
EXP3_HYBRID,10000,31.0000,13043,0.012201,0.298000,0.020694,0.015349,0.111000,0.024136
EXP3_HYBRID,10000,None,0,0.010499,0.239000,0.018281,0.014766,0.105000,0.025263
EXP3_HYBRID,10000,31.0000,14347,0.011969,0.310000,0.022420,0.015326,0.124000,0.025554
EXP3_HYBRID,10000,30.0000,26086,0.016909,0.211000,0.028839,0.018662,0.085000,0.031879
EXP3_HYBRID,10000,32.0000,1304,0.011094,0.252000,0.018079,0.031391,0.112000,0.022961
EXP3_HYBRID,10000,31.0000,15652,0.011858,0.331000,0.022228,0.016525,0.134000,0.026016
EXP3_HYBRID,10000,32.0000,2608,0.010284,0.274000,0.017773,0.015011,0.108000,0.022261
EXP3_HYBRID,10000,31.0000,16956,0.013454,0.313000,0.023735,0.015511,0.132000,0.026462
EXP3_HYBRID,10000,32.0000,3913,0.009124,0.285000,0.018452,0.012145,0.112000,0.022099
EXP3_HYBRID,10000,30.0000,27391,0.016304,0.204000,0.031277,0.017979,0.087000,0.033821
EXP3_HYBRID,10000,31.0000,18260,0.014174,0.303000,0.024911,0.015351,0.128000,0.026745
EXP3_HYBRID,10000,32.0000,5217,0.007937,0.279000,0.016450,0.014567,0.118000,0.023559
EXP3_HYBRID,10000,30.0000,28695,0.016229,0.216000,0.033091,0.018816,0.089000,0.036124
EXP3_HYBRID,10000,31.0000,19565,0.015094,0.305000,0.025924,0.016052,0.127000,0.027929
EXP3_HYBRID,10000,30.0000,30000,0.017102,0.189000,0.034236,0.017777,0.083000,0.035561
EXP3_HYBRID,10000,31.0000,22173,0.017035,0.285000,0.029240,0.018694,0.114000,0.031063
EXP3_HYBRID,10000,32.0000,6521,0.008817,0.302000,0.017090,0.015279,0.101000,0.022527
EXP3_HYBRID,10000,31.0000,20869,0.015626,0.293000,0.027365,0.017883,0.112000,0.029823
EXP3_HYBRID,10000,31.0000,23478,0.017496,0.295000,0.029324,0.018437,0.125000,0.030790
EXP3_HYBRID,10000,32.0000,7826,0.010211,0.294000,0.019419,0.013175,0.102000,0.023389
EXP3_HYBRID,10000,32.0000,9130,0.009547,0.330000,0.018612,0.012851,0.119000,0.022773
EXP3_HYBRID,10000,32.0000,11739,0.010953,0.344000,0.021666,0.014118,0.117000,0.023885
EXP3_HYBRID,10000,31.0000,24782,0.017610,0.304000,0.030086,0.019602,0.132000,0.032567
EXP3_HYBRID,10000,32.0000,10434,0.009808,0.341000,0.019241,0.012574,0.118000,0.021545
EXP3_HYBRID,10000,32.0000,13043,0.010369,0.367000,0.020952,0.012373,0.123000,0.024048
EXP3_HYBRID,10000,31.0000,26086,0.018143,0.302000,0.031096,0.018958,0.145000,0.032096
EXP3_HYBRID,10000,None,0,0.010499,0.239000,0.018281,0.014766,0.105000,0.025263
EXP3_HYBRID,10000,31.0000,27391,0.018142,0.295000,0.031676,0.019329,0.124000,0.033631
EXP3_HYBRID,10000,32.0000,14347,0.011620,0.374000,0.023083,0.014611,0.115000,0.027578
EXP3_HYBRID,10000,32.0000,15652,0.011475,0.377000,0.023174,0.014665,0.125000,0.027159
EXP3_HYBRID,10000,33.0000,1304,0.010432,0.245000,0.017994,0.013125,0.110000,0.022131
EXP3_HYBRID,10000,33.0000,2608,0.010524,0.261000,0.017809,0.014320,0.114000,0.021710
EXP3_HYBRID,10000,31.0000,28695,0.018608,0.286000,0.033559,0.020892,0.123000,0.035617
EXP3_HYBRID,10000,32.0000,16956,0.012295,0.364000,0.025021,0.014948,0.125000,0.028729
EXP3_HYBRID,10000,33.0000,3913,0.008358,0.275000,0.017483,0.014556,0.098000,0.023456
EXP3_HYBRID,10000,33.0000,5217,0.008382,0.294000,0.016899,0.012722,0.111000,0.021384
EXP3_HYBRID,10000,32.0000,18260,0.013684,0.352000,0.027415,0.015485,0.114000,0.029288
EXP3_HYBRID,10000,31.0000,30000,0.018870,0.296000,0.033836,0.020725,0.128000,0.035647
EXP3_HYBRID,10000,32.0000,19565,0.012753,0.388000,0.025966,0.013992,0.133000,0.026961
EXP3_HYBRID,10000,33.0000,6521,0.008851,0.313000,0.017255,0.012596,0.111000,0.023057
EXP3_HYBRID,10000,33.0000,7826,0.010535,0.347000,0.017201,0.011614,0.122000,0.020654
EXP3_HYBRID,10000,32.0000,22173,0.013951,0.382000,0.029165,0.015132,0.148000,0.029883
EXP3_HYBRID,10000,33.0000,9130,0.009080,0.350000,0.018028,0.012988,0.133000,0.020594
EXP3_HYBRID,10000,33.0000,10434,0.008253,0.381000,0.017123,0.013965,0.132000,0.021951
EXP3_HYBRID,10000,32.0000,23478,0.014967,0.362000,0.031868,0.016546,0.132000,0.033876
EXP3_HYBRID,10000,33.0000,11739,0.008870,0.392000,0.017343,0.012847,0.161000,0.020687
EXP3_HYBRID,10000,32.0000,20869,0.014248,0.364000,0.028538,0.015995,0.125000,0.030147
EXP3_HYBRID,10000,33.0000,13043,0.009332,0.384000,0.018843,0.013618,0.153000,0.021297
EXP3_HYBRID,10000,32.0000,24782,0.015453,0.372000,0.032091,0.017669,0.139000,0.033809
EXP3_HYBRID,10000,33.0000,14347,0.011087,0.409000,0.018354,0.018430,0.169000,0.021694
EXP3_HYBRID,10000,32.0000,26086,0.016242,0.360000,0.034445,0.017005,0.146000,0.033736
EXP3_HYBRID,10000,None,0,0.010499,0.239000,0.018281,0.014766,0.105000,0.025263
EXP3_HYBRID,10000,32.0000,27391,0.017209,0.360000,0.035389,0.018544,0.155000,0.035193
EXP3_HYBRID,10000,33.0000,15652,0.010456,0.423000,0.019897,0.015367,0.159000,0.021908
EXP3_HYBRID,10000,34.0000,1304,0.010970,0.240000,0.019333,0.032094,0.099000,0.023902
EXP3_HYBRID,10000,32.0000,28695,0.016568,0.360000,0.034503,0.018974,0.148000,0.036167
EXP3_HYBRID,10000,34.0000,2608,0.013795,0.243000,0.018994,0.015436,0.094000,0.022627
EXP3_HYBRID,10000,33.0000,16956,0.009493,0.442000,0.019848,0.013822,0.177000,0.021581
EXP3_HYBRID,10000,33.0000,18260,0.010870,0.422000,0.023034,0.013136,0.173000,0.022903
EXP3_HYBRID,10000,34.0000,3913,0.009375,0.262000,0.017882,0.012608,0.094000,0.022098
EXP3_HYBRID,10000,34.0000,5217,0.008952,0.278000,0.017785,0.011880,0.108000,0.021154
EXP3_HYBRID,10000,32.0000,30000,0.018465,0.372000,0.037721,0.020347,0.162000,0.037854
EXP3_HYBRID,10000,33.0000,19565,0.010600,0.438000,0.021610,0.015388,0.174000,0.023736
EXP3_HYBRID,10000,34.0000,6521,0.009108,0.307000,0.017633,0.013659,0.107000,0.023743
EXP3_HYBRID,10000,34.0000,7826,0.009269,0.325000,0.018671,0.013059,0.107000,0.024052
EXP3_HYBRID,10000,33.0000,20869,0.012157,0.427000,0.026996,0.015911,0.170000,0.028535
EXP3_HYBRID,10000,34.0000,9130,0.009091,0.323000,0.018370,0.015833,0.109000,0.023321
EXP3_HYBRID,10000,33.0000,22173,0.013319,0.424000,0.027542,0.015665,0.156000,0.028738
EXP3_HYBRID,10000,34.0000,10434,0.009758,0.354000,0.018937,0.014104,0.119000,0.024747
EXP3_HYBRID,10000,33.0000,23478,0.013509,0.452000,0.029205,0.015515,0.157000,0.029314
EXP3_HYBRID,10000,34.0000,11739,0.008949,0.372000,0.019471,0.015093,0.122000,0.023702
EXP3_HYBRID,10000,33.0000,24782,0.014850,0.439000,0.030065,0.016202,0.168000,0.029373
EXP3_HYBRID,10000,34.0000,13043,0.010299,0.369000,0.020497,0.013580,0.118000,0.022695
EXP3_HYBRID,10000,None,0,0.010499,0.239000,0.018281,0.014766,0.105000,0.025263
EXP3_HYBRID,10000,34.0000,14347,0.009373,0.390000,0.019725,0.014326,0.126000,0.024854
EXP3_HYBRID,10000,33.0000,26086,0.014797,0.431000,0.030914,0.017862,0.144000,0.031896
EXP3_HYBRID,10000,35.0000,1304,0.011053,0.253000,0.019116,0.031837,0.102000,0.024970
EXP3_HYBRID,10000,35.0000,2608,0.008727,0.259000,0.017832,0.011680,0.118000,0.020709
EXP3_HYBRID,10000,33.0000,27391,0.016034,0.441000,0.032799,0.018056,0.162000,0.033430
EXP3_HYBRID,10000,34.0000,16956,0.009416,0.409000,0.020965,0.014588,0.130000,0.026007
EXP3_HYBRID,10000,35.0000,3913,0.011887,0.261000,0.018753,0.013304,0.108000,0.021638
EXP3_HYBRID,10000,34.0000,15652,0.009959,0.400000,0.020338,0.012670,0.138000,0.022437
EXP3_HYBRID,10000,34.0000,18260,0.010099,0.429000,0.021347,0.014710,0.141000,0.025504
EXP3_HYBRID,10000,33.0000,28695,0.016779,0.442000,0.035415,0.018234,0.157000,0.035872
EXP3_HYBRID,10000,35.0000,5217,0.010047,0.274000,0.017635,0.012536,0.113000,0.022190
EXP3_HYBRID,10000,34.0000,19565,0.010866,0.433000,0.022052,0.016120,0.149000,0.027326
EXP3_HYBRID,10000,33.0000,30000,0.018482,0.423000,0.037487,0.019079,0.153000,0.035530
EXP3_HYBRID,10000,35.0000,6521,0.009665,0.270000,0.018320,0.015436,0.098000,0.023591
EXP3_HYBRID,10000,34.0000,20869,0.011029,0.422000,0.024014,0.015044,0.141000,0.027361
EXP3_HYBRID,10000,35.0000,7826,0.009198,0.298000,0.017799,0.012636,0.103000,0.021799
EXP3_HYBRID,10000,34.0000,22173,0.010895,0.460000,0.024164,0.014253,0.166000,0.026626
EXP3_HYBRID,10000,35.0000,9130,0.008283,0.324000,0.016442,0.032599,0.113000,0.022119
EXP3_HYBRID,10000,35.0000,10434,0.010413,0.331000,0.018857,0.014219,0.097000,0.021951
EXP3_HYBRID,10000,34.0000,23478,0.012547,0.474000,0.026922,0.015436,0.163000,0.028507
EXP3_HYBRID,10000,34.0000,24782,0.012311,0.481000,0.025553,0.015374,0.157000,0.026974
EXP3_HYBRID,10000,35.0000,11739,0.008795,0.351000,0.016727,0.032465,0.119000,0.021607
EXP3_HYBRID,10000,35.0000,13043,0.008955,0.378000,0.017093,0.011905,0.133000,0.020815
EXP3_HYBRID,10000,None,0,0.010499,0.239000,0.018281,0.014766,0.105000,0.025263
EXP3_HYBRID,10000,34.0000,26086,0.012107,0.493000,0.025440,0.015542,0.178000,0.027281
EXP3_HYBRID,10000,36.0000,1304,0.010074,0.245000,0.017703,0.014322,0.100000,0.024083
EXP3_HYBRID,10000,35.0000,14347,0.008776,0.388000,0.016834,0.014286,0.127000,0.021253
EXP3_HYBRID,10000,36.0000,2608,0.010496,0.264000,0.018594,0.031344,0.103000,0.024164
EXP3_HYBRID,10000,35.0000,15652,0.008709,0.415000,0.016960,0.015785,0.129000,0.020549
EXP3_HYBRID,10000,34.0000,27391,0.014642,0.499000,0.030427,0.015880,0.176000,0.030465
EXP3_HYBRID,10000,35.0000,16956,0.008266,0.426000,0.016944,0.012392,0.142000,0.020972
EXP3_HYBRID,10000,36.0000,3913,0.010560,0.278000,0.018644,0.014933,0.114000,0.023072
EXP3_HYBRID,10000,35.0000,18260,0.009098,0.412000,0.018571,0.015103,0.145000,0.022495
EXP3_HYBRID,10000,35.0000,19565,0.009211,0.454000,0.018042,0.016390,0.139000,0.021942
EXP3_HYBRID,10000,34.0000,30000,0.015585,0.522000,0.032248,0.018240,0.192000,0.034470
EXP3_HYBRID,10000,36.0000,5217,0.010344,0.275000,0.018531,0.012314,0.106000,0.022624
EXP3_HYBRID,10000,36.0000,6521,0.010739,0.295000,0.018806,0.013205,0.105000,0.022430
EXP3_HYBRID,10000,35.0000,20869,0.008975,0.467000,0.019073,0.011399,0.153000,0.021446
EXP3_HYBRID,10000,36.0000,7826,0.010597,0.277000,0.019008,0.013727,0.103000,0.023551
EXP3_HYBRID,10000,34.0000,28695,0.013451,0.498000,0.029348,0.015980,0.179000,0.030112
EXP3_HYBRID,10000,36.0000,9130,0.009454,0.312000,0.017879,0.012541,0.118000,0.023249
EXP3_HYBRID,10000,35.0000,22173,0.009754,0.498000,0.020344,0.013545,0.161000,0.022613
EXP3_HYBRID,10000,36.0000,10434,0.009444,0.327000,0.017739,0.013382,0.092000,0.022494
EXP3_HYBRID,10000,36.0000,11739,0.009580,0.332000,0.018417,0.043141,0.118000,0.023745
EXP3_HYBRID,10000,35.0000,24782,0.010417,0.495000,0.022844,0.012823,0.162000,0.023194
EXP3_HYBRID,10000,35.0000,23478,0.009620,0.494000,0.021498,0.012031,0.171000,0.022961
EXP3_HYBRID,10000,36.0000,13043,0.009398,0.340000,0.018648,0.014010,0.114000,0.022747
EXP3_HYBRID,10000,35.0000,26086,0.010229,0.508000,0.021550,0.012155,0.174000,0.023544
EXP3_HYBRID,10000,36.0000,14347,0.009481,0.365000,0.017953,0.031320,0.119000,0.022319
EXP3_HYBRID,10000,36.0000,15652,0.009061,0.386000,0.017276,0.012671,0.130000,0.021789
EXP3_HYBRID,10000,None,0,0.010499,0.239000,0.018281,0.014766,0.105000,0.025263
EXP3_HYBRID,10000,35.0000,27391,0.011564,0.505000,0.023597,0.013818,0.173000,0.024432
EXP3_HYBRID,10000,37.0000,1304,0.010627,0.230000,0.018256,0.031720,0.101000,0.024528
EXP3_HYBRID,10000,36.0000,16956,0.009788,0.389000,0.019513,0.012116,0.140000,0.021626
EXP3_HYBRID,10000,37.0000,2608,0.009205,0.254000,0.017867,0.013250,0.107000,0.023754
EXP3_HYBRID,10000,37.0000,3913,0.008837,0.262000,0.017363,0.013854,0.097000,0.023814
EXP3_HYBRID,10000,36.0000,18260,0.009495,0.424000,0.019280,0.012058,0.147000,0.022172
EXP3_HYBRID,10000,37.0000,5217,0.008872,0.263000,0.018195,0.012378,0.103000,0.022271
EXP3_HYBRID,10000,36.0000,19565,0.009943,0.418000,0.020175,0.013163,0.140000,0.024844
EXP3_HYBRID,10000,35.0000,30000,0.013067,0.522000,0.024264,0.014819,0.183000,0.025000
EXP3_HYBRID,10000,37.0000,6521,0.008961,0.280000,0.016979,0.013262,0.099000,0.022384
EXP3_HYBRID,10000,35.0000,28695,0.011370,0.507000,0.023206,0.013291,0.194000,0.023913
EXP3_HYBRID,10000,37.0000,7826,0.008745,0.287000,0.017754,0.013761,0.103000,0.023240
EXP3_HYBRID,10000,36.0000,20869,0.009577,0.430000,0.018792,0.012093,0.153000,0.022999
EXP3_HYBRID,10000,37.0000,9130,0.008970,0.308000,0.017434,0.013570,0.104000,0.021880
EXP3_HYBRID,10000,36.0000,22173,0.009956,0.429000,0.019599,0.013021,0.141000,0.023352
EXP3_HYBRID,10000,37.0000,10434,0.008930,0.316000,0.017393,0.012927,0.115000,0.021152
EXP3_HYBRID,10000,36.0000,23478,0.009830,0.453000,0.019827,0.012656,0.156000,0.024385
EXP3_HYBRID,10000,37.0000,11739,0.008366,0.321000,0.017316,0.011907,0.111000,0.020571
EXP3_HYBRID,10000,37.0000,13043,0.008875,0.342000,0.017230,0.032310,0.111000,0.023159
EXP3_HYBRID,10000,36.0000,24782,0.010630,0.473000,0.021865,0.012841,0.161000,0.023597
EXP3_HYBRID,10000,36.0000,26086,0.010121,0.500000,0.022521,0.012087,0.181000,0.023107
EXP3_HYBRID,10000,37.0000,14347,0.009782,0.364000,0.017999,0.012980,0.121000,0.023265
EXP3_HYBRID,10000,None,0,0.010499,0.239000,0.018281,0.014766,0.105000,0.025263
EXP3_HYBRID,10000,37.0000,15652,0.009423,0.350000,0.018176,0.011994,0.119000,0.021077
EXP3_HYBRID,10000,38.0000,1304,0.009421,0.246000,0.018272,0.014079,0.101000,0.024070
EXP3_HYBRID,10000,36.0000,27391,0.009780,0.510000,0.022072,0.012156,0.180000,0.023165
EXP3_HYBRID,10000,38.0000,2608,0.009096,0.233000,0.017297,0.032151,0.090000,0.025321
EXP3_HYBRID,10000,38.0000,3913,0.013563,0.251000,0.018579,0.032730,0.107000,0.024046
EXP3_HYBRID,10000,36.0000,28695,0.011075,0.499000,0.023722,0.014275,0.187000,0.024641
EXP3_HYBRID,10000,37.0000,16956,0.010536,0.368000,0.018450,0.031108,0.117000,0.021553
EXP3_HYBRID,10000,38.0000,5217,0.010491,0.263000,0.017864,0.014353,0.103000,0.022316
EXP3_HYBRID,10000,36.0000,30000,0.011135,0.527000,0.025990,0.015296,0.182000,0.026677
EXP3_HYBRID,10000,37.0000,18260,0.009066,0.386000,0.018888,0.012921,0.136000,0.023052
EXP3_HYBRID,10000,38.0000,6521,0.008988,0.263000,0.017847,0.013466,0.115000,0.022054
EXP3_HYBRID,10000,37.0000,19565,0.009113,0.394000,0.018061,0.012161,0.139000,0.021618
EXP3_HYBRID,10000,38.0000,7826,0.021655,0.260000,0.018812,0.036294,0.102000,0.025144
EXP3_HYBRID,10000,38.0000,9130,0.009265,0.269000,0.017853,0.032037,0.106000,0.024504
EXP3_HYBRID,10000,38.0000,10434,0.009011,0.283000,0.018319,0.013295,0.108000,0.021941
EXP3_HYBRID,10000,37.0000,22173,0.009566,0.429000,0.019763,0.012416,0.138000,0.022895
EXP3_HYBRID,10000,37.0000,20869,0.008697,0.415000,0.018886,0.012234,0.140000,0.022079
EXP3_HYBRID,10000,38.0000,11739,0.008908,0.285000,0.018758,0.031157,0.104000,0.022412
EXP3_HYBRID,10000,37.0000,23478,0.009570,0.435000,0.020322,0.012834,0.149000,0.023191
EXP3_HYBRID,10000,38.0000,13043,0.008739,0.306000,0.018179,0.012999,0.115000,0.022715
EXP3_HYBRID,10000,37.0000,24782,0.009314,0.461000,0.018864,0.012776,0.145000,0.023203
EXP3_HYBRID,10000,38.0000,14347,0.009143,0.325000,0.018130,0.013725,0.110000,0.022570
EXP3_HYBRID,10000,37.0000,27391,0.009075,0.460000,0.018657,0.012500,0.156000,0.022171
EXP3_HYBRID,10000,38.0000,15652,0.008601,0.334000,0.017112,0.031432,0.115000,0.022598
EXP3_HYBRID,10000,37.0000,28695,0.009131,0.478000,0.020116,0.011752,0.152000,0.022856
EXP3_HYBRID,10000,37.0000,26086,0.009720,0.461000,0.020641,0.013343,0.146000,0.024430
EXP3_HYBRID,10000,38.0000,16956,0.009040,0.326000,0.018499,0.014615,0.113000,0.023590
EXP3_HYBRID,10000,38.0000,18260,0.008854,0.360000,0.018628,0.013060,0.109000,0.023956
EXP3_HYBRID,10000,38.0000,19565,0.009043,0.376000,0.019042,0.032412,0.116000,0.025573
EXP3_HYBRID,10000,37.0000,30000,0.009364,0.475000,0.020109,0.013088,0.158000,0.024861
EXP3_HYBRID,10000,38.0000,20869,0.008907,0.373000,0.017652,0.011907,0.128000,0.021332
EXP3_HYBRID,10000,38.0000,22173,0.009372,0.396000,0.020555,0.012994,0.128000,0.023280
EXP3_HYBRID,10000,38.0000,23478,0.009171,0.418000,0.019623,0.031460,0.137000,0.022895
EXP3_HYBRID,10000,38.0000,24782,0.009065,0.428000,0.018947,0.011552,0.142000,0.021053
EXP3_HYBRID,10000,38.0000,26086,0.008633,0.431000,0.018893,0.012126,0.142000,0.021773
EXP3_HYBRID,10000,38.0000,27391,0.009905,0.433000,0.018807,0.013067,0.135000,0.023530
EXP3_HYBRID,10000,38.0000,28695,0.010027,0.452000,0.019009,0.012654,0.146000,0.022467
EXP3_HYBRID,10000,38.0000,30000,0.009737,0.461000,0.020302,0.012825,0.148000,0.023215
EXP2_MIX,10000,None,0,0.010499,0.239000,0.018281,0.014766,0.105000,0.025263
EXP2_MIX,10000,None,0,0.010499,0.239000,0.018281,0.014766,0.105000,0.025263
EXP2_MIX,10000,None,0,0.010499,0.239000,0.018281,0.014766,0.105000,0.025263
EXP1_CLEAR,13043,None,0,0.010557,0.214000,0.018551,0.023349,0.115000,0.022219
EXP1_CLEAR,16086,None,0,0.017859,0.209000,0.019715,0.027998,0.085000,0.025153
EXP2_MIX,10000,None,0,0.010499,0.239000,0.018281,0.014766,0.105000,0.025263
EXP3_HYBRID,10000,None,0,0.010499,0.239000,0.018281,0.014766,0.105000,0.025263
EXP3_HYBRID,10000,None,0,0.010499,0.239000,0.018281,0.014766,0.105000,0.025263
EXP3_HYBRID,10000,None,0,0.010499,0.239000,0.018281,0.014766,0.105000,0.025263
EXP1_CLEAR,22173,None,0,0.008769,0.183000,0.016956,0.010502,0.076000,0.020280
EXP3_HYBRID,10000,None,0,0.010499,0.239000,0.018281,0.014766,0.105000,0.025263
EXP3_HYBRID,10000,None,0,0.010499,0.239000,0.018281,0.014766,0.105000,0.025263
EXP1_CLEAR,25217,None,0,0.009231,0.145000,0.017794,0.013363,0.071000,0.020137
EXP3_HYBRID,10000,None,0,0.010499,0.239000,0.018281,0.014766,0.105000,0.025263
EXP3_HYBRID,10000,None,0,0.010499,0.239000,0.018281,0.014766,0.105000,0.025263
EXP3_HYBRID,10000,None,0,0.010499,0.239000,0.018281,0.014766,0.105000,0.025263
EXP3_HYBRID,10000,None,0,0.010499,0.239000,0.018281,0.014766,0.105000,0.025263
EXP3_HYBRID,10000,None,0,0.010499,0.239000,0.018281,0.014766,0.105000,0.025263
EXP3_HYBRID,10000,None,0,0.010499,0.239000,0.018281,0.014766,0.105000,0.025263
EXP3_HYBRID,10000,None,0,0.010499,0.239000,0.018281,0.014766,0.105000,0.025263
EXP3_HYBRID,10000,None,0,0.010499,0.239000,0.018281,0.014766,0.105000,0.025263
EXP1_CLEAR,31304,None,0,0.009279,0.118000,0.015418,0.019555,0.061000,0.019655
EXP3_HYBRID,10000,None,0,0.010499,0.239000,0.018281,0.014766,0.105000,0.025263
EXP1_CLEAR,34347,None,0,0.009976,0.091000,0.014972,0.015184,0.038000,0.019435
EXP1_CLEAR,40434,None,0,0.008879,0.094000,0.014839,0.011560,0.038000,0.017683
EXP1_CLEAR,43478,None,0,0.014880,0.103000,0.015769,0.032203,0.039000,0.023509
EXP1_CLEAR,46521,None,0,0.009033,0.076000,0.015430,0.016740,0.029000,0.018835
EXP1_CLEAR,49565,None,0,0.008125,0.061000,0.016509,0.015838,0.032000,0.018771
EXP1_CLEAR,52608,None,0,0.008980,0.065000,0.015447,0.017754,0.021000,0.020352
EXP1_CLEAR,55652,None,0,0.008474,0.068000,0.016981,0.021354,0.025000,0.019800
EXP1_CLEAR,58695,None,0,0.010594,0.069000,0.016349,0.015584,0.021000,0.019829
EXP1_CLEAR,61739,None,0,0.010125,0.068000,0.016953,0.012577,0.027000,0.019532
EXP1_CLEAR,64782,None,0,0.009555,0.051000,0.016570,0.010999,0.018000,0.018286
EXP1_CLEAR,67826,None,0,0.009228,0.073000,0.017153,0.017804,0.017000,0.019933
EXP1_CLEAR,70869,None,0,0.008477,0.061000,0.015274,0.013783,0.021000,0.017862
EXP1_CLEAR,76956,None,0,0.012365,0.084000,0.015357,0.019838,0.035000,0.019788
EXP1_CLEAR,80000,None,0,0.010999,0.056000,0.016524,0.015935,0.018000,0.019425
EXP1_CLEAR,73913,None,0,0.011294,0.036000,0.020370,0.012107,0.012000,0.022202
EXP3_HYBRID,10000,None,0,0.010499,0.239000,0.018281,0.014766,0.105000,0.025263
EXP3_HYBRID,10000,None,0,0.010499,0.239000,0.018281,0.014766,0.105000,0.025263
EXP3_HYBRID,10000,None,0,0.010499,0.239000,0.018281,0.014766,0.105000,0.025263
EXP3_HYBRID,10000,None,0,0.010499,0.239000,0.018281,0.014766,0.105000,0.025263
EXP3_HYBRID,10000,None,0,0.010499,0.239000,0.018281,0.014766,0.105000,0.025263
EXP3_HYBRID,10000,None,0,0.010499,0.239000,0.018281,0.014766,0.105000,0.025263
EXP3_HYBRID,10000,None,0,0.010499,0.239000,0.018281,0.014766,0.105000,0.025263
EXP2_MIX,10000,None,0,0.010499,0.239000,0.018281,0.014766,0.105000,0.025263
EXP2_MIX,10000,None,0,0.010499,0.239000,0.018281,0.014766,0.105000,0.025263
EXP2_MIX,10000,None,0,0.010499,0.239000,0.018281,0.014766,0.105000,0.025263
EXP2_MIX,10000,None,0,0.010499,0.239000,0.018281,0.014766,0.105000,0.025263
EXP3_HYBRID,10000,None,0,0.010499,0.239000,0.018281,0.014766,0.105000,0.025263
EXP3_HYBRID,10000,None,0,0.010499,0.239000,0.018281,0.014766,0.105000,0.025263
EXP3_HYBRID,10000,None,0,0.010499,0.239000,0.018281,0.014766,0.105000,0.025263
EXP3_HYBRID,10000,None,0,0.010499,0.239000,0.018281,0.014766,0.105000,0.025263
EXP3_HYBRID,10000,None,0,0.010499,0.239000,0.018281,0.014766,0.105000,0.025263
EXP3_HYBRID,10000,None,0,0.010499,0.239000,0.018281,0.014766,0.105000,0.025263
EXP3_HYBRID,10000,None,0,0.010499,0.239000,0.018281,0.014766,0.105000,0.025263
EXP4_FIXED,5000,23.5000,5000,0.031110,0.305000,0.036565,0.031973,0.209000,0.038649
EXP4_FIXED,5000,25.0000,5000,0.027982,0.488000,0.035095,0.025560,0.270000,0.036561
EXP4_FIXED,5000,25.5000,5000,0.016890,0.464000,0.032508,0.018755,0.251000,0.036828
EXP4_FIXED,5000,26.0000,5000,0.016944,0.396000,0.034374,0.019143,0.191000,0.037806
EXP4_FIXED,5000,24.5000,5000,0.015292,0.527000,0.029596,0.016344,0.286000,0.032907
EXP4_FIXED,5000,24.0000,5000,0.024122,0.523000,0.029602,0.022669,0.282000,0.031573
EXP4_FIXED,5000,23.0000,5000,0.024723,0.290000,0.035518,0.026800,0.190000,0.038034
EXP4_FIXED,5000,26.5000,5000,0.015601,0.410000,0.029400,0.018961,0.209000,0.039686
EXP4_FIXED,5000,27.9211,5000,0.017643,0.400000,0.027971,0.030740,0.220000,0.034468
EXP4_FIXED,5000,27.9316,5000,0.010985,0.245000,0.020948,0.013985,0.128000,0.022592
EXP4_FIXED,5000,27.9000,5000,0.018420,0.302000,0.021871,0.020922,0.152000,0.026235
EXP4_FIXED,5000,27.0000,5000,0.030221,0.361000,0.031422,0.030530,0.202000,0.034855
EXP4_FIXED,5000,27.5000,5000,0.014246,0.368000,0.029341,0.016498,0.194000,0.031633
EXP4_FIXED,5000,27.9105,5000,0.012075,0.335000,0.023511,0.015639,0.170000,0.027818
EXP4_FIXED,5000,27.9421,5000,0.008843,0.305000,0.017394,0.026886,0.157000,0.022847
EXP4_FIXED,5000,22.5000,5000,0.033395,0.293000,0.036513,0.033174,0.191000,0.037976
EXP4_FIXED,5000,22.0000,5000,0.022972,0.311000,0.034408,0.025407,0.216000,0.036582
EXP4_FIXED,5000,27.9526,5000,0.012017,0.313000,0.022005,0.013647,0.141000,0.025390
EXP4_FIXED,5000,27.9632,5000,0.020304,0.414000,0.026908,0.033753,0.237000,0.033099
EXP4_FIXED,5000,27.9947,5000,0.017584,0.384000,0.026747,0.032362,0.207000,0.035065
EXP4_FIXED,5000,28.0000,5000,0.014508,0.392000,0.023547,0.022309,0.224000,0.032197
EXP4_FIXED,5000,27.9737,5000,0.024057,0.347000,0.025606,0.025786,0.183000,0.029143
EXP4_FIXED,5000,27.9842,5000,0.029722,0.354000,0.026932,0.029202,0.186000,0.031739
EXP4_FIXED,5000,28.0053,5000,0.020155,0.312000,0.021904,0.022504,0.152000,0.029814
EXP4_FIXED,5000,21.5000,5000,0.024104,0.298000,0.033796,0.025498,0.195000,0.035704
EXP4_FIXED,5000,28.0158,5000,0.010739,0.318000,0.020449,0.036268,0.146000,0.026371
EXP4_FIXED,5000,28.0263,5000,0.033164,0.288000,0.023110,0.032652,0.134000,0.027006
EXP4_FIXED,5000,28.0368,5000,0.011534,0.285000,0.023267,0.026868,0.152000,0.026813
EXP4_FIXED,5000,28.0474,5000,0.010954,0.253000,0.021236,0.012864,0.120000,0.023709
EXP4_FIXED,5000,28.0684,5000,0.034472,0.330000,0.022337,0.042307,0.156000,0.026811
EXP4_FIXED,5000,28.0579,5000,0.016666,0.337000,0.025394,0.024122,0.171000,0.029808
EXP4_FIXED,5000,21.0000,5000,0.029067,0.310000,0.035687,0.028916,0.201000,0.036988
EXP4_FIXED,5000,28.0789,5000,0.010624,0.279000,0.018780,0.018735,0.123000,0.023573
EXP4_FIXED,5000,28.5000,5000,0.011483,0.332000,0.024319,0.015217,0.175000,0.030828
EXP4_FIXED,5000,28.1000,5000,0.029902,0.300000,0.018909,0.030455,0.145000,0.023849
EXP4_FIXED,5000,28.0895,5000,0.012052,0.328000,0.023123,0.027052,0.168000,0.027535
EXP4_FIXED,5000,29.5000,5000,0.011840,0.353000,0.022739,0.018152,0.190000,0.026994
EXP4_FIXED,5000,29.0000,5000,0.012712,0.383000,0.022180,0.030973,0.205000,0.026904
EXP4_FIXED,5000,20.5000,5000,0.033358,0.318000,0.039699,0.032913,0.204000,0.040716
EXP4_FIXED,5000,30.0000,5000,0.047068,0.378000,0.026460,0.044530,0.202000,0.030032
EXP4_FIXED,5000,30.5000,5000,0.037269,0.438000,0.023836,0.046557,0.243000,0.029021
EXP4_FIXED,5000,31.5000,5000,0.021060,0.499000,0.026463,0.023960,0.255000,0.029170
EXP4_FIXED,5000,31.0000,5000,0.020402,0.456000,0.022463,0.026617,0.256000,0.026943
EXP4_FIXED,5000,20.0000,5000,0.027373,0.290000,0.031767,0.027548,0.191000,0.033762
EXP4_FIXED,5000,32.0000,5000,0.015580,0.491000,0.025377,0.017648,0.260000,0.026772
EXP4_FIXED,5000,34.5000,5000,0.037159,0.465000,0.042190,0.033528,0.240000,0.040026
EXP4_FIXED,5000,33.5000,5000,0.036122,0.500000,0.032893,0.032450,0.260000,0.030721
EXP4_FIXED,5000,34.0000,5000,0.025186,0.465000,0.028799,0.024362,0.239000,0.030247
EXP4_FIXED,5000,32.5000,5000,0.037221,0.445000,0.030255,0.033938,0.246000,0.030508
EXP4_FIXED,5000,35.0000,5000,0.036428,0.437000,0.033879,0.034834,0.221000,0.035251
EXP4_FIXED,5000,35.5000,5000,0.028292,0.451000,0.032551,0.025677,0.249000,0.032351
EXP4_FIXED,5000,33.0000,5000,0.019035,0.493000,0.025540,0.023278,0.242000,0.031501
EXP4_FIXED,5000,36.0000,5000,0.031888,0.422000,0.030059,0.030293,0.227000,0.030973
EXP4_FIXED,5000,19.5000,5000,0.025606,0.286000,0.033443,0.025773,0.201000,0.033907
EXP4_FIXED,5000,37.0000,5000,0.046024,0.395000,0.033659,0.042350,0.218000,0.032909
EXP4_FIXED,5000,36.5000,5000,0.027463,0.391000,0.031493,0.026199,0.214000,0.032255
EXP4_FIXED,5000,37.5000,5000,0.021153,0.388000,0.030603,0.022025,0.217000,0.031462
EXP4_FIXED,5000,38.5000,5000,0.037138,0.376000,0.040640,0.034764,0.209000,0.040484
EXP4_FIXED,5000,38.0000,5000,0.021996,0.362000,0.029039,0.023091,0.212000,0.031594
EXP4_FIXED,5000,39.5000,5000,0.033066,0.372000,0.037975,0.031281,0.217000,0.037765
EXP4_FIXED,5000,39.0000,5000,0.021923,0.371000,0.027469,0.021706,0.219000,0.029339
EXP4_FIXED,5000,40.0000,5000,0.039551,0.342000,0.031038,0.038204,0.215000,0.032908
EXP4_FIXED,5000,40.5000,5000,0.033246,0.332000,0.033795,0.032585,0.213000,0.035503
EXP4_FIXED,5000,41.5000,5000,0.021752,0.346000,0.033468,0.024255,0.215000,0.036162
EXP4_FIXED,5000,42.0000,5000,0.038358,0.342000,0.034683,0.037326,0.222000,0.035615
EXP4_FIXED,5000,41.0000,5000,0.033999,0.347000,0.038002,0.032653,0.218000,0.038695
EXP4_FIXED,5000,18.5000,5000,0.028024,0.301000,0.034376,0.028710,0.203000,0.036322
EXP4_FIXED,5000,42.5000,5000,0.023028,0.368000,0.032599,0.023313,0.243000,0.032773
EXP4_FIXED,5000,43.0000,5000,0.028153,0.333000,0.030904,0.028661,0.198000,0.033312
EXP4_FIXED,5000,19.0000,5000,0.028301,0.298000,0.032385,0.029157,0.210000,0.034272
EXP4_FIXED,5000,43.5000,5000,0.036581,0.343000,0.040577,0.035076,0.212000,0.039892
EXP4_FIXED,5000,44.0000,5000,0.033801,0.356000,0.042780,0.033104,0.213000,0.042057
EXP4_FIXED,5000,18.0000,5000,0.022678,0.299000,0.033538,0.025583,0.203000,0.036497
EXP4_FIXED,5000,44.5000,5000,0.037189,0.342000,0.040454,0.035885,0.211000,0.040713
EXP4_FIXED,5000,45.0000,5000,0.032536,0.328000,0.035622,0.032195,0.207000,0.037610
EXP4_FIXED,5000,45.5000,5000,0.029552,0.319000,0.032733,0.030654,0.206000,0.035151
EXP4_FIXED,5000,46.0000,5000,0.022549,0.327000,0.028857,0.022668,0.209000,0.029951
EXP4_FIXED,5000,47.0000,5000,0.032730,0.318000,0.038613,0.032857,0.195000,0.039449
EXP4_FIXED,5000,47.5000,5000,0.041265,0.344000,0.043387,0.039887,0.217000,0.043628
EXP4_FIXED,5000,46.5000,5000,0.033739,0.307000,0.040442,0.032512,0.193000,0.039867
EXP4_FIXED,5000,48.0000,5000,0.036890,0.321000,0.034859,0.035944,0.206000,0.036208
EXP4_FIXED,5000,48.5000,5000,0.028268,0.314000,0.034485,0.028222,0.202000,0.035645
EXP4_FIXED,5000,17.5000,5000,0.028138,0.294000,0.034936,0.028549,0.193000,0.036573
EXP4_FIXED,5000,49.0000,5000,0.030021,0.339000,0.031932,0.030897,0.210000,0.034172
EXP4_FIXED,5000,50.0000,5000,0.027298,0.308000,0.032548,0.027094,0.189000,0.033846
EXP4_FIXED,5000,50.5000,5000,0.034859,0.314000,0.037699,0.034151,0.211000,0.037848
EXP4_FIXED,5000,49.5000,5000,0.028471,0.333000,0.032879,0.028067,0.188000,0.034538
EXP4_FIXED,5000,51.0000,5000,0.032588,0.338000,0.031757,0.031878,0.208000,0.032940
EXP4_FIXED,5000,52.0000,5000,0.039049,0.341000,0.039908,0.038063,0.201000,0.041213
EXP4_FIXED,5000,53.0000,5000,0.031404,0.319000,0.036565,0.030397,0.188000,0.036127
EXP4_FIXED,5000,51.5000,5000,0.026052,0.326000,0.030549,0.026291,0.204000,0.031534
EXP4_FIXED,5000,52.5000,5000,0.024906,0.346000,0.028261,0.026363,0.210000,0.032012
EXP4_FIXED,5000,54.0000,5000,0.032566,0.319000,0.031736,0.032452,0.198000,0.034046
EXP4_FIXED,5000,54.5000,5000,0.028513,0.332000,0.029599,0.028844,0.207000,0.031934
EXP4_FIXED,5000,55.0000,5000,0.027917,0.320000,0.033828,0.027939,0.211000,0.034998
EXP4_FIXED,5000,53.5000,5000,0.026481,0.319000,0.032258,0.026525,0.204000,0.033170
EXP4_FIXED,5000,56.0000,5000,0.041239,0.303000,0.036307,0.039599,0.179000,0.037627
EXP4_FIXED,5000,56.5000,5000,0.028371,0.318000,0.031860,0.028270,0.205000,0.033644
EXP4_FIXED,5000,55.5000,5000,0.026917,0.340000,0.034608,0.026762,0.204000,0.035670
EXP4_FIXED,5000,57.0000,5000,0.054720,0.312000,0.054394,0.052184,0.187000,0.053019
EXP4_FIXED,5000,58.0000,5000,0.023314,0.311000,0.028589,0.024474,0.201000,0.031102
EXP4_FIXED,5000,58.5000,5000,0.029245,0.333000,0.035066,0.029382,0.212000,0.035908
EXP4_FIXED,5000,57.5000,5000,0.038988,0.311000,0.035021,0.037711,0.204000,0.035221
EXP4_FIXED,5000,59.0000,5000,0.027452,0.322000,0.033378,0.027828,0.197000,0.035308
EXP4_FIXED,5000,60.0000,5000,0.037031,0.307000,0.038602,0.035852,0.201000,0.038700
EXP4_FIXED,5000,59.5000,5000,0.039099,0.330000,0.032030,0.037848,0.195000,0.034234
EXP4_FIXED,5000,60.5000,5000,0.031413,0.330000,0.042109,0.031288,0.198000,0.041874
EXP4_FIXED,5000,17.0000,5000,0.031335,0.299000,0.035455,0.031919,0.195000,0.037667
EXP4_FIXED,5000,62.5000,5000,0.043177,0.306000,0.037169,0.041548,0.198000,0.037401
EXP4_FIXED,5000,61.0000,5000,0.029659,0.309000,0.030480,0.030506,0.194000,0.033037
EXP4_FIXED,5000,61.5000,5000,0.032426,0.339000,0.037891,0.031288,0.220000,0.038483
EXP4_FIXED,5000,62.0000,5000,0.024605,0.331000,0.033411,0.025004,0.204000,0.034844
EXP4_FIXED,5000,63.5000,5000,0.023765,0.322000,0.029416,0.024683,0.205000,0.032024
EXP4_FIXED,5000,63.0000,5000,0.034032,0.322000,0.031302,0.032837,0.214000,0.032663
EXP4_FIXED,5000,64.5000,5000,0.031152,0.341000,0.030494,0.032029,0.208000,0.033148
EXP4_FIXED,5000,65.0000,5000,0.026484,0.310000,0.029673,0.026242,0.205000,0.031238
EXP4_FIXED,5000,66.0000,5000,0.022197,0.312000,0.029011,0.021976,0.211000,0.029823
EXP4_FIXED,5000,64.0000,5000,0.039407,0.322000,0.038613,0.038391,0.198000,0.040298
EXP4_FIXED,5000,66.5000,5000,0.035023,0.320000,0.046438,0.034218,0.211000,0.046714
EXP4_FIXED,5000,65.5000,5000,0.031023,0.323000,0.032312,0.031421,0.207000,0.035051
EXP4_FIXED,5000,67.5000,5000,0.033594,0.326000,0.041063,0.034423,0.222000,0.043137
EXP4_FIXED,5000,15.5000,5000,0.027609,0.302000,0.036789,0.028253,0.193000,0.038635
EXP4_FIXED,5000,67.0000,5000,0.040467,0.303000,0.043494,0.038628,0.186000,0.043189
EXP4_FIXED,5000,68.0000,5000,0.045525,0.329000,0.036682,0.043345,0.197000,0.038121
EXP4_FIXED,5000,68.5000,5000,0.046615,0.313000,0.043687,0.043921,0.192000,0.042403
EXP4_FIXED,5000,16.5000,5000,0.026696,0.297000,0.035256,0.027238,0.196000,0.037083
EXP4_FIXED,5000,69.0000,5000,0.041962,0.316000,0.037704,0.040859,0.201000,0.039079
EXP4_FIXED,5000,16.0000,5000,0.029091,0.304000,0.033697,0.029694,0.190000,0.036116
EXP4_BASE_5K,5000,None,0,0.027838,0.300000,0.038716,0.027324,0.199000,0.039646
EXP4_FIXED,5000,69.5000,5000,0.024558,0.319000,0.030949,0.023810,0.212000,0.031415
EXP4_FIXED,5000,70.0000,5000,0.035580,0.312000,0.040645,0.034429,0.199000,0.041184
EXP4_FIXED,5000,70.5000,5000,0.030653,0.327000,0.036538,0.029469,0.199000,0.037282
EXP4_FIXED,5000,71.0000,5000,0.035527,0.323000,0.035927,0.034685,0.205000,0.037067
EXP4_FIXED,5000,73.0000,5000,0.022127,0.325000,0.035610,0.022740,0.215000,0.036787
EXP4_FIXED,5000,72.5000,5000,0.043165,0.313000,0.042954,0.040736,0.190000,0.041836
EXP4_FIXED,5000,15.0000,5000,0.022945,0.296000,0.030141,0.022999,0.205000,0.031939
EXP4_FIXED,5000,71.5000,5000,0.028061,0.305000,0.035487,0.028348,0.195000,0.036664
EXP4_FIXED,5000,73.5000,5000,0.028876,0.315000,0.034675,0.028037,0.206000,0.034925
EXP4_FIXED,5000,74.0000,5000,0.030663,0.303000,0.036574,0.030223,0.200000,0.037223
EXP4_FIXED,5000,72.0000,5000,0.028017,0.339000,0.033038,0.027514,0.211000,0.034213
EXP4_FIXED,5000,74.5000,5000,0.038456,0.310000,0.043571,0.037493,0.202000,0.043731
EXP4_FIXED,5000,75.0000,5000,0.037514,0.312000,0.039567,0.035826,0.190000,0.038881
EXP4_BASE_10K,10000,None,0,0.010499,0.239000,0.018281,0.014766,0.105000,0.025263
EXP3_HYBRID,10000,None,0,0.010499,0.239000,0.018281,0.014766,0.105000,0.025263
EXP3_HYBRID,10000,None,0,0.010499,0.239000,0.018281,0.014766,0.105000,0.025263
EXP3_HYBRID,10000,None,0,0.010499,0.239000,0.018281,0.014766,0.105000,0.025263
EXP3_HYBRID,10000,None,0,0.010499,0.239000,0.018281,0.014766,0.105000,0.025263
EXP3_HYBRID,10000,None,0,0.010499,0.239000,0.018281,0.014766,0.105000,0.025263
EXP3_HYBRID,10000,None,0,0.010499,0.239000,0.018281,0.014766,0.105000,0.025263
EXP3_HYBRID,10000,None,0,0.010499,0.239000,0.018281,0.014766,0.105000,0.025263
EXP3_HYBRID,10000,None,0,0.010499,0.239000,0.018281,0.014766,0.105000,0.025263
EXP3_HYBRID,10000,None,0,0.010499,0.239000,0.018281,0.014766,0.105000,0.025263
EXP3_HYBRID,10000,None,0,0.010499,0.239000,0.018281,0.014766,0.105000,0.025263
EXP3_HYBRID,10000,None,0,0.010499,0.239000,0.018281,0.014766,0.105000,0.025263
EXP3_HYBRID,10000,None,0,0.010499,0.239000,0.018281,0.014766,0.105000,0.025263
EXP2_MIX,10000,None,0,0.010499,0.239000,0.018281,0.014766,0.105000,0.025263
EXP3_HYBRID,10000,None,0,0.010499,0.239000,0.018281,0.014766,0.105000,0.025263
EXP2_MIX,10000,None,0,0.010499,0.239000,0.018281,0.014766,0.105000,0.025263
EXP2_MIX,10000,None,0,0.010499,0.239000,0.018281,0.014766,0.105000,0.025263
EXP2_MIX,10000,None,0,0.010499,0.239000,0.018281,0.014766,0.105000,0.025263
EXP3_HYBRID,10000,None,0,0.010499,0.239000,0.018281,0.014766,0.105000,0.025263
EXP6_BEST,10000,28.0614,20000,0.012493,0.145000,0.024640,0.014485,0.068000,0.026627
EXP6_BEST,10000,28.0576,20000,0.008899,0.101000,0.014937,0.012341,0.048000,0.017193
EXP6_BEST,10000,27.9834,20000,0.007786,0.123000,0.015608,0.008951,0.056000,0.017152
EXP6_BEST,10000,27.9653,20000,0.009259,0.100000,0.015457,0.017130,0.039000,0.020448
EXP6_BEST,10000,27.9421,20000,0.008761,0.104000,0.016656,0.012304,0.043000,0.020887
EXP6_BEST,10000,28.0089,20000,0.013408,0.141000,0.028714,0.019073,0.054000,0.033053
EXP6_BEST,10000,28.0951,20000,0.007551,0.109000,0.015032,0.012264,0.048000,0.018393
EXP6_BEST,10000,28.1047,20000,0.010765,0.095000,0.019522,0.012800,0.046000,0.021281
EXP6_BEST,10000,28.0038,20000,0.009072,0.104000,0.017048,0.009907,0.050000,0.017998
EXP6_BEST,10000,28.0076,20000,0.008548,0.113000,0.015808,0.012759,0.044000,0.019493
EXP6_BEST,10000,28.0244,20000,0.008933,0.112000,0.015859,0.011225,0.045000,0.019449
EXP6_BEST,10000,27.9682,20000,0.008204,0.116000,0.016377,0.009320,0.055000,0.017286
EXP6_BEST,10000,27.9300,20000,0.010104,0.118000,0.019980,0.015826,0.052000,0.023899
EXP6_BEST,10000,27.9616,20000,0.011797,0.092000,0.019804,0.014106,0.043000,0.021753
EXP6_BEST,10000,28.0124,20000,0.008935,0.108000,0.014564,0.012109,0.046000,0.017692
EXP6_BEST,10000,28.1834,20000,0.011331,0.130000,0.023233,0.012570,0.055000,0.024743
EXP6_BEST,10000,28.1038,20000,0.009821,0.108000,0.017065,0.014072,0.048000,0.020137
EXP6_BEST,10000,27.9923,20000,0.008117,0.108000,0.016005,0.014740,0.046000,0.018831
EXP6_BEST,10000,28.0461,20000,0.008734,0.100000,0.014838,0.017953,0.034000,0.017900
EXP6_BEST,10000,28.1042,20000,0.007606,0.123000,0.015329,0.013503,0.053000,0.018767
EXP6_BEST,10000,27.8623,20000,0.010298,0.126000,0.020823,0.011545,0.050000,0.023664
EXP6_BEST,10000,27.9386,20000,0.009696,0.107000,0.018175,0.014278,0.039000,0.019610
EXP6_BEST,10000,28.0709,20000,0.009075,0.115000,0.016356,0.015918,0.047000,0.019397
EXP6_BEST,10000,27.9632,20000,0.010785,0.130000,0.021545,0.012265,0.050000,0.022796
EXP6_BEST,10000,27.8498,20000,0.010687,0.113000,0.021972,0.013448,0.043000,0.024609
EXP6_BEST,10000,28.1453,20000,0.007902,0.107000,0.015809,0.013877,0.038000,0.020498
EXP6_BEST,10000,28.0257,20000,0.008709,0.128000,0.016749,0.010789,0.052000,0.019645
EXP6_BEST,10000,27.9279,20000,0.010427,0.118000,0.021361,0.013958,0.049000,0.023035
EXP6_BEST,10000,27.8768,20000,0.008963,0.121000,0.018595,0.011915,0.055000,0.021717
EXP6_BEST,10000,28.0692,20000,0.011489,0.123000,0.018783,0.019450,0.048000,0.023404
EXP6_BEST,10000,27.9612,20000,0.013301,0.134000,0.026714,0.015773,0.059000,0.031930
EXP6_BEST,10000,27.9562,20000,0.012164,0.127000,0.024588,0.016585,0.049000,0.027994
EXP6_BEST,10000,27.9633,20000,0.008984,0.103000,0.016880,0.020047,0.050000,0.020729
EXP6_BEST,10000,28.0189,20000,0.011710,0.132000,0.021090,0.015413,0.052000,0.024738
EXP6_BEST,10000,27.9046,20000,0.008910,0.134000,0.017999,0.011974,0.060000,0.020281
EXP6_BEST,10000,27.9038,20000,0.008364,0.108000,0.018369,0.012440,0.044000,0.020619
EXP6_BEST,10000,27.9381,20000,0.008833,0.120000,0.017766,0.011406,0.046000,0.019791
EXP6_BEST,10000,27.8916,20000,0.008770,0.127000,0.016754,0.010435,0.050000,0.019573
EXP6_BEST,10000,28.0027,20000,0.010170,0.113000,0.020224,0.012630,0.044000,0.022647
EXP6_BEST,10000,27.8548,20000,0.009438,0.121000,0.019112,0.011421,0.047000,0.020870
EXP6_BEST,10000,27.9671,20000,0.010557,0.111000,0.019469,0.014583,0.041000,0.024248
EXP6_BEST,10000,28.0329,20000,0.007879,0.120000,0.015516,0.009783,0.059000,0.019315
EXP6_BEST,10000,27.8678,20000,0.009344,0.112000,0.019009,0.012365,0.045000,0.023152
EXP6_BEST,10000,27.9495,20000,0.009663,0.117000,0.019609,0.010776,0.055000,0.021177
EXP6_BEST,10000,27.9527,20000,0.013246,0.105000,0.025238,0.016777,0.050000,0.028138
EXP6_BEST,10000,28.0980,20000,0.008152,0.117000,0.014798,0.012155,0.055000,0.017222
EXP6_BEST,10000,27.8713,20000,0.010066,0.117000,0.020782,0.011264,0.046000,0.022634
EXP6_BEST,10000,27.7939,20000,0.012108,0.110000,0.025586,0.014512,0.053000,0.027774
EXP6_RANDOM,10000,27.5297,20000,0.013429,0.141000,0.025875,0.015566,0.054000,0.027738
EXP6_RANDOM,10000,32.7249,20000,0.012578,0.418000,0.027081,0.016076,0.156000,0.029800
EXP6_RANDOM,10000,30.4485,20000,0.014250,0.242000,0.026351,0.016858,0.112000,0.028785
EXP6_RANDOM,10000,32.1376,20000,0.013712,0.382000,0.025638,0.017067,0.157000,0.027889
EXP6_RANDOM,10000,25.1405,20000,0.019743,0.278000,0.043823,0.020347,0.105000,0.045364
EXP6_RANDOM,10000,27.3699,20000,0.012720,0.127000,0.028530,0.013598,0.056000,0.028992
EXP6_RANDOM,10000,29.5215,20000,0.012644,0.176000,0.026794,0.014675,0.083000,0.028693
EXP6_RANDOM,10000,23.8702,20000,0.019922,0.394000,0.041524,0.020203,0.163000,0.042135
EXP6_RANDOM,10000,26.9316,20000,0.015080,0.194000,0.032890,0.016679,0.071000,0.034322
EXP6_RANDOM,10000,29.7543,20000,0.014695,0.191000,0.026668,0.016238,0.098000,0.030106
EXP6_RANDOM,10000,30.6109,20000,0.013655,0.277000,0.027650,0.014612,0.109000,0.029567
EXP6_RANDOM,10000,31.5834,20000,0.013724,0.339000,0.026381,0.017190,0.147000,0.027666
EXP6_RANDOM,10000,27.6393,20000,0.013493,0.131000,0.029723,0.014387,0.061000,0.031180
EXP6_RANDOM,10000,27.8905,20000,0.008380,0.117000,0.016937,0.011532,0.050000,0.020568
EXP6_RANDOM,10000,26.4651,20000,0.017350,0.208000,0.038678,0.017670,0.100000,0.038670
EXP6_RANDOM,10000,26.9333,20000,0.015948,0.148000,0.033892,0.016300,0.063000,0.034157
EXP6_RANDOM,10000,23.9265,20000,0.019733,0.366000,0.043947,0.020552,0.165000,0.044847
EXP6_RANDOM,10000,28.6329,20000,0.010977,0.156000,0.022854,0.015461,0.059000,0.027367
EXP6_RANDOM,10000,28.4564,20000,0.010150,0.123000,0.017593,0.012310,0.051000,0.020119
EXP6_RANDOM,10000,26.8689,20000,0.015237,0.156000,0.032775,0.015808,0.059000,0.034996
EXP6_RANDOM,10000,28.0709,20000,0.009075,0.115000,0.016356,0.015918,0.047000,0.019397
EXP6_RANDOM,10000,23.8024,20000,0.019593,0.363000,0.042209,0.019999,0.166000,0.042131
EXP6_RANDOM,10000,30.3200,20000,0.014414,0.247000,0.032004,0.024301,0.089000,0.036648
EXP6_RANDOM,10000,30.8187,20000,0.014560,0.275000,0.028585,0.016472,0.107000,0.031194
EXP6_RANDOM,10000,31.1416,20000,0.015057,0.324000,0.029292,0.017372,0.121000,0.032523
EXP6_RANDOM,10000,29.8653,20000,0.014566,0.194000,0.027601,0.016598,0.072000,0.030798
EXP6_RANDOM,10000,28.8832,20000,0.013212,0.128000,0.023637,0.016505,0.051000,0.026713
EXP6_RANDOM,10000,29.3689,20000,0.013633,0.181000,0.023535,0.016078,0.074000,0.026214
EXP6_RANDOM,10000,25.7351,20000,0.018925,0.251000,0.042879,0.019964,0.095000,0.046039
EXP6_RANDOM,10000,29.4870,20000,0.016015,0.169000,0.024707,0.018219,0.070000,0.028375
EXP6_RANDOM,10000,24.9107,20000,0.017845,0.324000,0.039709,0.019207,0.124000,0.042687
EXP6_RANDOM,10000,30.3517,20000,0.014337,0.232000,0.028414,0.016282,0.093000,0.030814
EXP6_RANDOM,10000,28.2579,20000,0.008712,0.124000,0.017924,0.011646,0.051000,0.019878
EXP6_BASE_10K,10000,None,0,0.010499,0.239000,0.018281,0.014766,0.105000,0.025263
EXP6_RANDOM,10000,27.8715,20000,0.011192,0.124000,0.023424,0.012511,0.043000,0.025525
EXP6_RANDOM,10000,31.9258,20000,0.013153,0.373000,0.026208,0.014575,0.144000,0.027725
EXP6_RANDOM,10000,32.6968,20000,0.012303,0.405000,0.025700,0.016133,0.154000,0.029870
EXP6_RANDOM,10000,27.1671,20000,0.014879,0.162000,0.031812,0.015751,0.060000,0.032688
EXP6_RANDOM,10000,26.1200,20000,0.017940,0.211000,0.040616,0.018763,0.078000,0.044363
EXP6_RANDOM,10000,24.5054,20000,0.018580,0.345000,0.038974,0.018676,0.163000,0.038565
EXP6_RANDOM,10000,26.9358,20000,0.016801,0.186000,0.036071,0.017944,0.078000,0.037489
EXP6_RANDOM,10000,23.8531,20000,0.019399,0.377000,0.040044,0.020346,0.173000,0.042812
EXP6_RANDOM,10000,26.4274,20000,0.017462,0.187000,0.038689,0.018070,0.068000,0.040672
EXP6_RANDOM,10000,24.3254,20000,0.019375,0.347000,0.042340,0.020314,0.157000,0.043223
EXP6_RANDOM,10000,28.4686,20000,0.015325,0.153000,0.030841,0.021808,0.077000,0.036532
EXP6_RANDOM,10000,26.4364,20000,0.017330,0.191000,0.038266,0.017469,0.068000,0.039698
EXP6_BASE_30K,30000,None,0,0.008595,0.116000,0.014572,0.014346,0.047000,0.017996
EXP3_HYBRID,10000,None,0,0.010499,0.239000,0.018281,0.014766,0.105000,0.025263
EXP3_HYBRID,10000,None,0,0.010499,0.239000,0.018281,0.014766,0.105000,0.025263
EXP3_HYBRID,10000,None,0,0.010499,0.239000,0.018281,0.014766,0.105000,0.025263
EXP3_HYBRID,10000,None,0,0.010499,0.239000,0.018281,0.014766,0.105000,0.025263
EXP3_HYBRID,10000,None,0,0.010499,0.239000,0.018281,0.014766,0.105000,0.025263
EXP3_HYBRID,10000,None,0,0.010499,0.239000,0.018281,0.014766,0.105000,0.025263
EXP3_HYBRID,10000,None,0,0.010499,0.239000,0.018281,0.014766,0.105000,0.025263
EXP3_HYBRID,10000,None,0,0.010499,0.239000,0.018281,0.014766,0.105000,0.025263
EXP3_HYBRID,10000,None,0,0.010499,0.239000,0.018281,0.014766,0.105000,0.025263
EXP3_HYBRID,10000,None,0,0.010499,0.239000,0.018281,0.014766,0.105000,0.025263
EXP2_MIX,10000,None,0,0.010499,0.239000,0.018281,0.014766,0.105000,0.025263
EXP2_MIX,10000,None,0,0.010499,0.239000,0.018281,0.014766,0.105000,0.025263
EXP2_MIX,10000,None,0,0.010499,0.239000,0.018281,0.014766,0.105000,0.025263
EXP3_HYBRID,10000,None,0,0.010499,0.239000,0.018281,0.014766,0.105000,0.025263
EXP3_HYBRID,10000,None,0,0.010499,0.239000,0.018281,0.014766,0.105000,0.025263
EXP2_MIX,10000,None,0,0.010499,0.239000,0.018281,0.014766,0.105000,0.025263
EXP3_HYBRID,10000,None,0,0.010499,0.239000,0.018281,0.014766,0.105000,0.025263
EXP3_HYBRID,10000,None,0,0.010499,0.239000,0.018281,0.014766,0.105000,0.025263
EXP7_SELECTED,10000,28.0777,20000,0.008513,0.109000,0.015287,0.010696,0.050000,0.017169
EXP7_SELECTED,10000,27.9711,20000,0.008962,0.132000,0.018915,0.016299,0.060000,0.026086
EXP7_SELECTED,10000,28.1360,20000,0.007633,0.119000,0.013106,0.010241,0.047000,0.016293
EXP7_SELECTED,10000,28.0123,20000,0.007352,0.125000,0.014316,0.015436,0.052000,0.020014
EXP7_SELECTED,10000,28.1078,20000,0.012283,0.140000,0.026359,0.014495,0.055000,0.027895
EXP7_SELECTED,10000,28.1396,20000,0.012234,0.108000,0.021861,0.016107,0.047000,0.024021
EXP7_SELECTED,10000,27.8776,20000,0.010494,0.117000,0.020497,0.016793,0.046000,0.026211
EXP7_SELECTED,10000,28.0484,20000,0.009817,0.110000,0.017419,0.012453,0.053000,0.020025
EXP7_SELECTED,10000,27.8498,20000,0.010687,0.113000,0.021972,0.013448,0.043000,0.024609
EXP7_SELECTED,10000,27.9694,20000,0.009314,0.104000,0.018773,0.013047,0.048000,0.021342
EXP7_SELECTED,10000,27.9279,20000,0.010427,0.118000,0.021361,0.013958,0.049000,0.023035
EXP2_MIX,10000,None,0,0.010499,0.239000,0.018281,0.014766,0.105000,0.025263
EXP2_MIX,10000,None,0,0.010499,0.239000,0.018281,0.014766,0.105000,0.025263
EXP3_HYBRID,10000,None,0,0.010499,0.239000,0.018281,0.014766,0.105000,0.025263
EXP2_MIX,10000,None,0,0.010499,0.239000,0.018281,0.014766,0.105000,0.025263
EXP2_MIX,10000,None,0,0.010499,0.239000,0.018281,0.014766,0.105000,0.025263
EXP3_HYBRID,10000,None,0,0.010499,0.239000,0.018281,0.014766,0.105000,0.025263
EXP3_HYBRID,10000,None,0,0.010499,0.239000,0.018281,0.014766,0.105000,0.025263
EXP3_HYBRID,10000,None,0,0.010499,0.239000,0.018281,0.014766,0.105000,0.025263
EXP3_HYBRID,10000,None,0,0.010499,0.239000,0.018281,0.014766,0.105000,0.025263
EXP3_HYBRID,10000,None,0,0.010499,0.239000,0.018281,0.014766,0.105000,0.025263
EXP3_HYBRID,10000,None,0,0.010499,0.239000,0.018281,0.014766,0.105000,0.025263
EXP3_HYBRID,10000,None,0,0.010499,0.239000,0.018281,0.014766,0.105000,0.025263
EXP3_HYBRID,10000,None,0,0.010499,0.239000,0.018281,0.014766,0.105000,0.025263
EXP3_HYBRID,10000,None,0,0.010499,0.239000,0.018281,0.014766,0.105000,0.025263
EXP3_HYBRID,10000,None,0,0.010499,0.239000,0.018281,0.014766,0.105000,0.025263
EXP3_HYBRID,10000,None,0,0.010499,0.239000,0.018281,0.014766,0.105000,0.025263
EXP3_HYBRID,10000,None,0,0.010499,0.239000,0.018281,0.014766,0.105000,0.025263
EXP3_HYBRID,10000,None,0,0.010499,0.239000,0.018281,0.014766,0.105000,0.025263
EXP7_SELECTED,10000,27.7892,20000,0.011670,0.131000,0.024682,0.014891,0.059000,0.026596
EXP7_SELECTED,10000,28.0753,20000,0.008806,0.114000,0.016200,0.010293,0.054000,0.017548
EXP7_SELECTED,10000,28.0576,20000,0.008899,0.101000,0.014937,0.012341,0.048000,0.017193
EXP7_SELECTED,10000,28.1864,20000,0.008975,0.125000,0.017399,0.012895,0.047000,0.021050
EXP7_SELECTED,10000,28.0358,20000,0.011321,0.119000,0.020439,0.012773,0.049000,0.022870
EXP7_SELECTED,10000,28.0070,20000,0.009866,0.128000,0.020029,0.018299,0.051000,0.022789
EXP7_SELECTED,10000,28.1134,20000,0.009808,0.114000,0.020497,0.012474,0.040000,0.024170
EXP7_SELECTED,10000,27.8483,20000,0.010469,0.140000,0.022588,0.014121,0.051000,0.026089
EXP7_SELECTED,10000,28.1571,20000,0.007815,0.102000,0.014501,0.012279,0.041000,0.017063
EXP7_SELECTED,10000,27.7955,20000,0.009402,0.115000,0.019218,0.016218,0.047000,0.023387
EXP7_SELECTED,10000,28.0744,20000,0.007266,0.133000,0.015511,0.011967,0.056000,0.018609
EXP7_SELECTED,10000,28.1453,20000,0.007902,0.107000,0.015809,0.013877,0.038000,0.020498
EXP7_SELECTED,10000,27.8434,20000,0.008889,0.120000,0.017239,0.013745,0.047000,0.021786
EXP7_SELECTED,10000,27.9253,20000,0.008252,0.110000,0.016963,0.012727,0.048000,0.018219
EXP7_SELECTED,10000,28.1883,20000,0.011576,0.132000,0.018134,0.013484,0.050000,0.021986
EXP7_SELECTED,10000,27.9834,20000,0.007786,0.123000,0.015608,0.008951,0.056000,0.017152
EXP7_SELECTED,10000,27.9540,20000,0.008537,0.111000,0.016342,0.009914,0.041000,0.017845
EXP7_SELECTED,10000,28.2452,20000,0.008584,0.110000,0.015313,0.010315,0.043000,0.017698
EXP7_SELECTED,10000,27.7673,20000,0.010843,0.128000,0.023562,0.013252,0.048000,0.026200
EXP7_SELECTED,10000,27.8504,20000,0.008630,0.130000,0.018661,0.021378,0.042000,0.028088
EXP7_SELECTED,10000,28.0309,20000,0.008760,0.113000,0.016262,0.010117,0.053000,0.018069
EXP7_SELECTED,10000,27.8337,20000,0.009349,0.122000,0.019555,0.010686,0.040000,0.021050
EXP7_SELECTED,10000,28.1564,20000,0.012398,0.146000,0.026263,0.016064,0.056000,0.030173
EXP7_SELECTED,10000,27.7938,20000,0.009273,0.119000,0.019003,0.012075,0.049000,0.024014
EXP7_SELECTED,10000,27.8081,20000,0.009187,0.124000,0.018919,0.011716,0.059000,0.022181
EXP7_SELECTED,10000,27.8623,20000,0.010298,0.126000,0.020823,0.011545,0.050000,0.023664
EXP7_SELECTED,10000,28.1038,20000,0.009821,0.108000,0.017065,0.014072,0.048000,0.020137
EXP7_SELECTED,10000,27.8318,20000,0.010272,0.097000,0.019339,0.012209,0.046000,0.021524
EXP7_SELECTED,10000,28.2060,20000,0.008258,0.108000,0.013447,0.010990,0.048000,0.015697
EXP7_SELECTED,10000,28.0979,20000,0.007682,0.124000,0.014338,0.010893,0.046000,0.017859
EXP7_SELECTED,10000,27.9810,20000,0.009189,0.126000,0.016705,0.011455,0.054000,0.017694
EXP7_SELECTED,10000,27.9850,20000,0.010225,0.131000,0.020595,0.013485,0.058000,0.024004
EXP7_SELECTED,10000,28.2515,20000,0.008187,0.106000,0.015048,0.009937,0.047000,0.016943
EXP7_SELECTED,10000,27.7364,20000,0.010770,0.106000,0.021341,0.018584,0.044000,0.023717
EXP7_SELECTED,10000,28.1692,20000,0.008877,0.105000,0.015455,0.015229,0.043000,0.018851
EXP7_RANDOM,10000,32.1376,20000,0.013712,0.382000,0.025638,0.017067,0.157000,0.027889
EXP7_RANDOM,10000,30.4485,20000,0.014250,0.242000,0.026351,0.016858,0.112000,0.028785
EXP7_RANDOM,10000,25.1405,20000,0.019743,0.278000,0.043823,0.020347,0.105000,0.045364
EXP7_RANDOM,10000,26.9316,20000,0.015080,0.194000,0.032890,0.016679,0.071000,0.034322
EXP7_SELECTED,10000,28.2864,20000,0.008943,0.112000,0.015587,0.010043,0.046000,0.017193
EXP7_RANDOM,10000,27.5297,20000,0.013429,0.141000,0.025875,0.015566,0.054000,0.027738
EXP7_SELECTED,10000,28.0894,20000,0.015680,0.144000,0.029374,0.017621,0.056000,0.032904
EXP7_RANDOM,10000,29.5215,20000,0.012644,0.176000,0.026794,0.014675,0.083000,0.028693
EXP7_SELECTED,10000,27.9813,20000,0.011748,0.138000,0.024303,0.015008,0.049000,0.027411
EXP7_RANDOM,10000,32.7249,20000,0.012578,0.418000,0.027081,0.016076,0.156000,0.029800
EXP7_RANDOM,10000,27.3699,20000,0.012720,0.127000,0.028530,0.013598,0.056000,0.028992
EXP7_RANDOM,10000,29.7543,20000,0.014695,0.191000,0.026668,0.016238,0.098000,0.030106
EXP7_RANDOM,10000,23.8702,20000,0.019922,0.394000,0.041524,0.020203,0.163000,0.042135
EXP7_RANDOM,10000,31.5834,20000,0.013724,0.339000,0.026381,0.017190,0.147000,0.027666
EXP7_RANDOM,10000,30.6109,20000,0.013655,0.277000,0.027650,0.014612,0.109000,0.029567
EXP7_RANDOM,10000,27.6393,20000,0.013493,0.131000,0.029723,0.014387,0.061000,0.031180
EXP7_RANDOM,10000,27.8905,20000,0.008380,0.117000,0.016937,0.011532,0.050000,0.020568
EXP7_RANDOM,10000,26.9333,20000,0.015948,0.148000,0.033892,0.016300,0.063000,0.034157
EXP7_RANDOM,10000,26.4651,20000,0.017350,0.208000,0.038678,0.017670,0.100000,0.038670
EXP7_RANDOM,10000,28.6329,20000,0.010977,0.156000,0.022854,0.015461,0.059000,0.027367
EXP7_RANDOM,10000,23.9265,20000,0.019733,0.366000,0.043947,0.020552,0.165000,0.044847
EXP7_RANDOM,10000,30.8187,20000,0.014560,0.275000,0.028585,0.016472,0.107000,0.031194
EXP7_RANDOM,10000,29.3689,20000,0.013633,0.181000,0.023535,0.016078,0.074000,0.026214
EXP7_RANDOM,10000,30.3200,20000,0.014414,0.247000,0.032004,0.024301,0.089000,0.036648
EXP7_RANDOM,10000,29.8653,20000,0.014566,0.194000,0.027601,0.016598,0.072000,0.030798
EXP7_RANDOM,10000,28.0709,20000,0.009075,0.115000,0.016356,0.015918,0.047000,0.019397
EXP7_RANDOM,10000,28.4564,20000,0.010150,0.123000,0.017593,0.012310,0.051000,0.020119
EXP7_RANDOM,10000,26.8689,20000,0.015237,0.156000,0.032775,0.015808,0.059000,0.034996
EXP7_RANDOM,10000,31.1416,20000,0.015057,0.324000,0.029292,0.017372,0.121000,0.032523
EXP7_RANDOM,10000,23.8024,20000,0.019593,0.363000,0.042209,0.019999,0.166000,0.042131
EXP7_RANDOM,10000,28.8832,20000,0.013212,0.128000,0.023637,0.016505,0.051000,0.026713
EXP7_RANDOM,10000,29.4870,20000,0.016015,0.169000,0.024707,0.018219,0.070000,0.028375
EXP7_RANDOM,10000,30.3517,20000,0.014337,0.232000,0.028414,0.016282,0.093000,0.030814
EXP7_RANDOM,10000,27.1671,20000,0.014879,0.162000,0.031812,0.015751,0.060000,0.032688
EXP7_RANDOM,10000,31.9258,20000,0.013153,0.373000,0.026208,0.014575,0.144000,0.027725
EXP7_RANDOM,10000,24.9107,20000,0.017845,0.324000,0.039709,0.019207,0.124000,0.042687
EXP7_RANDOM,10000,32.6968,20000,0.012303,0.405000,0.025700,0.016133,0.154000,0.029870
EXP7_RANDOM,10000,27.8715,20000,0.011192,0.124000,0.023424,0.012511,0.043000,0.025525
EXP7_RANDOM,10000,25.7351,20000,0.018925,0.251000,0.042879,0.019964,0.095000,0.046039
EXP7_RANDOM,10000,28.2579,20000,0.008712,0.124000,0.017924,0.011646,0.051000,0.019878
EXP7_BASE_10K,10000,None,0,0.010499,0.239000,0.018281,0.014766,0.105000,0.025263
EXP7_RANDOM,10000,26.1200,20000,0.017940,0.211000,0.040616,0.018763,0.078000,0.044363
EXP7_RANDOM,10000,23.8531,20000,0.019399,0.377000,0.040044,0.020346,0.173000,0.042812
EXP7_RANDOM,10000,24.5054,20000,0.018580,0.345000,0.038974,0.018676,0.163000,0.038565
EXP7_RANDOM,10000,27.6675,20000,0.010688,0.133000,0.023826,0.012856,0.056000,0.025849
EXP7_RANDOM,10000,25.5600,20000,0.018911,0.246000,0.040842,0.019455,0.089000,0.042913
EXP7_RANDOM,10000,26.4274,20000,0.017462,0.187000,0.038689,0.018070,0.068000,0.040672
EXP7_RANDOM,10000,28.4686,20000,0.015325,0.153000,0.030841,0.021808,0.077000,0.036532
EXP7_RANDOM,10000,26.4364,20000,0.017330,0.191000,0.038266,0.017469,0.068000,0.039698
EXP7_RANDOM,10000,24.3254,20000,0.019375,0.347000,0.042340,0.020314,0.157000,0.043223
EXP7_BASE_30K,30000,None,0,0.008595,0.116000,0.014572,0.014346,0.047000,0.017996
EXP7_RANDOM,10000,26.9358,20000,0.016801,0.186000,0.036071,0.017944,0.078000,0.037489
EXP7_RANDOM,10000,23.7858,20000,0.010670,0.235000,0.017856,0.032000,0.106000,0.024461
EXP7_RANDOM,10000,23.5386,20000,0.011063,0.244000,0.018800,0.015130,0.108000,0.024622
EXP7_RANDOM,10000,23.0240,20000,0.010231,0.240000,0.017776,0.031835,0.102000,0.023803
