[ikvasilev@sms results]$ cat all_experiments_h20.csv
Experiment,Recipient_Size,Donor_R,Donor_Size,rmse_01,np_01,mape_01,rmse_03,np_03,mape_03
EXP1_CLEAR,10000,None,0,0.089772,0.288000,0.124132,0.104006,0.136000,0.146449
EXP1_CLEAR,11304,None,0,0.132710,0.352000,0.189161,0.138054,0.167000,0.197651
EXP1_CLEAR,12608,None,0,0.119451,0.291000,0.148678,0.144120,0.127000,0.191304
EXP1_CLEAR,13913,None,0,0.100842,0.303000,0.128278,0.113494,0.143000,0.161257
EXP1_CLEAR,15217,None,0,0.105815,0.297000,0.140757,0.136041,0.139000,0.186659
EXP1_CLEAR,16521,None,0,0.110153,0.297000,0.147790,0.121078,0.142000,0.181272
EXP1_CLEAR,17826,None,0,0.100572,0.260000,0.130770,0.134102,0.114000,0.205721
EXP1_CLEAR,19130,None,0,0.111174,0.290000,0.127411,0.129568,0.111000,0.171458
EXP1_CLEAR,20434,None,0,0.071142,0.261000,0.093666,0.090265,0.116000,0.107569
EXP1_CLEAR,21739,None,0,0.085809,0.249000,0.121735,0.116846,0.094000,0.164831
EXP2_MIX,0,27.9000,10000,0.135080,0.347000,0.180710,0.144308,0.205000,0.213045
EXP1_CLEAR,23043,None,0,0.078033,0.240000,0.101360,0.100340,0.096000,0.142519
EXP1_CLEAR,24347,None,0,0.087061,0.246000,0.096168,0.112099,0.087000,0.137492
EXP2_MIX,909,27.9000,9091,0.256344,0.400000,0.543339,0.267841,0.274000,0.608110
EXP2_MIX,1818,27.9000,8182,0.225086,0.367000,0.436643,0.223466,0.192000,0.439954
EXP1_CLEAR,25652,None,0,0.055340,0.213000,0.086991,0.070781,0.090000,0.104925
EXP2_MIX,2727,27.9000,7273,0.220687,0.383000,0.445767,0.229498,0.231000,0.491298
EXP1_CLEAR,26956,None,0,0.051246,0.226000,0.064209,0.076009,0.074000,0.096680
EXP2_MIX,3636,27.9000,6364,0.123146,0.337000,0.191005,0.128248,0.172000,0.206967
EXP2_MIX,4545,27.9000,5455,0.142732,0.324000,0.215596,0.150318,0.151000,0.212117
EXP1_CLEAR,28260,None,0,0.072884,0.168000,0.089327,0.093369,0.057000,0.128584
EXP2_MIX,5454,27.9000,4546,0.121463,0.303000,0.173817,0.126569,0.178000,0.191830
EXP2_MIX,6363,27.9000,3637,0.134829,0.319000,0.187836,0.139719,0.155000,0.223443
EXP2_MIX,7272,27.9000,2728,0.154501,0.288000,0.212190,0.168817,0.153000,0.253981
EXP1_CLEAR,29565,None,0,0.048841,0.211000,0.070185,0.075276,0.085000,0.100697
EXP2_MIX,8181,27.9000,1819,0.128030,0.318000,0.172579,0.148867,0.164000,0.242621
EXP2_MIX,9090,27.9000,910,0.126195,0.343000,0.185124,0.151538,0.173000,0.230916
EXP1_CLEAR,30869,None,0,0.044405,0.212000,0.067417,0.083845,0.076000,0.109310
EXP2_MIX,10000,None,0,0.089772,0.288000,0.124132,0.104006,0.136000,0.146449
EXP2_MIX,0,28.0001,10000,0.150566,0.350000,0.230637,0.166466,0.188000,0.292260
EXP2_MIX,1818,28.0001,8182,0.154499,0.347000,0.239560,0.161781,0.187000,0.283867
EXP2_MIX,909,28.0001,9091,0.178443,0.321000,0.299246,0.177320,0.205000,0.313556
EXP2_MIX,2727,28.0001,7273,0.128584,0.316000,0.173809,0.126612,0.184000,0.197715
EXP2_MIX,3636,28.0001,6364,0.213847,0.385000,0.402269,0.229712,0.241000,0.456891
EXP1_CLEAR,32173,None,0,0.057763,0.177000,0.073377,0.083366,0.073000,0.104541
EXP2_MIX,4545,28.0001,5455,0.140146,0.395000,0.217973,0.146672,0.197000,0.243529
EXP2_MIX,5454,28.0001,4546,0.135006,0.357000,0.193374,0.132622,0.179000,0.187197
EXP2_MIX,6363,28.0001,3637,0.097571,0.335000,0.131431,0.128172,0.187000,0.191388
EXP1_CLEAR,33478,None,0,0.060981,0.130000,0.070710,0.070452,0.053000,0.086920
EXP2_MIX,7272,28.0001,2728,0.137487,0.330000,0.216947,0.165601,0.175000,0.277318
EXP2_MIX,8181,28.0001,1819,0.113018,0.366000,0.153900,0.132346,0.186000,0.203367
EXP2_MIX,9090,28.0001,910,0.127182,0.339000,0.193703,0.132415,0.186000,0.213041
EXP1_CLEAR,34782,None,0,0.063669,0.132000,0.068860,0.075404,0.049000,0.098569
EXP2_MIX,10000,None,0,0.089772,0.288000,0.124132,0.104006,0.136000,0.146449
EXP2_MIX,0,28.0100,10000,0.213139,0.334000,0.383218,0.224742,0.181000,0.405095
EXP2_MIX,909,28.0100,9091,0.266656,0.452000,0.593475,0.275368,0.330000,0.588492
EXP2_MIX,1818,28.0100,8182,0.286485,0.506000,0.640819,0.301479,0.305000,0.683274
EXP2_MIX,2727,28.0100,7273,0.121175,0.296000,0.190479,0.134357,0.156000,0.213115
EXP2_MIX,3636,28.0100,6364,0.194300,0.369000,0.354118,0.219821,0.217000,0.451281
EXP1_CLEAR,36086,None,0,0.075114,0.187000,0.084810,0.088523,0.081000,0.113615
EXP2_MIX,4545,28.0100,5455,0.155796,0.367000,0.231936,0.146816,0.188000,0.216635
EXP2_MIX,5454,28.0100,4546,0.134045,0.375000,0.209763,0.158929,0.160000,0.238807
EXP2_MIX,6363,28.0100,3637,0.134125,0.372000,0.186453,0.151333,0.182000,0.232470
EXP2_MIX,7272,28.0100,2728,0.171960,0.312000,0.300127,0.176188,0.161000,0.290508
EXP2_MIX,8181,28.0100,1819,0.147392,0.365000,0.218861,0.163916,0.209000,0.245421
EXP2_MIX,9090,28.0100,910,0.112861,0.347000,0.166500,0.131131,0.173000,0.205984
EXP1_CLEAR,37391,None,0,0.054270,0.172000,0.073980,0.091057,0.066000,0.101995
EXP2_MIX,10000,None,0,0.089772,0.288000,0.124132,0.104006,0.136000,0.146449
EXP1_CLEAR,38695,None,0,0.057376,0.141000,0.064491,0.076403,0.051000,0.080478
EXP2_MIX,0,28.1000,10000,0.153028,0.325000,0.176344,0.149933,0.173000,0.186982
EXP2_MIX,909,28.1000,9091,0.264032,0.488000,0.560727,0.280904,0.349000,0.631764
EXP2_MIX,1818,28.1000,8182,0.268744,0.436000,0.566659,0.259631,0.306000,0.506185
EXP2_MIX,2727,28.1000,7273,0.249369,0.456000,0.514053,0.255308,0.280000,0.543599
EXP2_MIX,3636,28.1000,6364,0.109964,0.352000,0.122186,0.120237,0.201000,0.166355
EXP2_MIX,4545,28.1000,5455,0.123231,0.355000,0.196683,0.127026,0.191000,0.195576
EXP2_MIX,5454,28.1000,4546,0.082115,0.361000,0.115798,0.108413,0.161000,0.146361
EXP2_MIX,6363,28.1000,3637,0.117642,0.304000,0.156959,0.148344,0.138000,0.221946
EXP1_CLEAR,40000,None,0,0.083406,0.177000,0.083250,0.112031,0.078000,0.123159
EXP2_MIX,7272,28.1000,2728,0.165779,0.319000,0.275135,0.168939,0.156000,0.281832
EXP2_MIX,8181,28.1000,1819,0.123110,0.325000,0.172202,0.147258,0.177000,0.244467
EXP2_MIX,10000,None,0,0.089772,0.288000,0.124132,0.104006,0.136000,0.146449
EXP2_MIX,9090,28.1000,910,0.131599,0.340000,0.211225,0.146512,0.198000,0.241349
EXP3_HYBRID,10000,None,0,0.089772,0.288000,0.124132,0.104006,0.136000,0.146449
EXP3_HYBRID,10000,27.9000,1304,0.090031,0.266000,0.120312,0.095830,0.108000,0.127708
EXP3_HYBRID,10000,27.9000,2608,0.095640,0.241000,0.137444,0.101427,0.119000,0.139023
EXP3_HYBRID,10000,27.9000,3913,0.082509,0.252000,0.101786,0.099205,0.115000,0.141446
EXP3_HYBRID,10000,27.9000,5217,0.074765,0.260000,0.101413,0.104423,0.098000,0.143620
EXP3_HYBRID,10000,27.9000,6521,0.083800,0.265000,0.111186,0.107684,0.116000,0.135003
EXP3_HYBRID,10000,27.9000,7826,0.079646,0.277000,0.100534,0.094671,0.095000,0.110967
EXP3_HYBRID,10000,27.9000,9130,0.076059,0.236000,0.104454,0.097662,0.097000,0.133315
EXP3_HYBRID,10000,None,0,0.089772,0.288000,0.124132,0.104006,0.136000,0.146449
EXP3_HYBRID,10000,27.9000,10434,0.070692,0.269000,0.096037,0.085279,0.116000,0.113126
EXP3_HYBRID,10000,27.9900,1304,0.087402,0.274000,0.114454,0.095707,0.124000,0.131483
EXP3_HYBRID,10000,27.9000,11739,0.049010,0.246000,0.073151,0.074344,0.103000,0.095767
EXP3_HYBRID,10000,27.9000,13043,0.062157,0.224000,0.090326,0.098599,0.098000,0.136172
EXP3_HYBRID,10000,27.9000,14347,0.054350,0.235000,0.081276,0.077879,0.090000,0.107265
EXP3_HYBRID,10000,27.9900,2608,0.085356,0.280000,0.112435,0.095083,0.098000,0.148830
EXP3_HYBRID,10000,27.9900,3913,0.060633,0.264000,0.088950,0.077939,0.117000,0.117046
EXP3_HYBRID,10000,27.9000,15652,0.069458,0.228000,0.099932,0.083331,0.098000,0.126418
EXP3_HYBRID,10000,27.9000,16956,0.069318,0.229000,0.101975,0.085799,0.097000,0.118106
EXP3_HYBRID,10000,27.9900,5217,0.080626,0.256000,0.106034,0.087825,0.098000,0.113119
EXP3_HYBRID,10000,27.9000,18260,0.041344,0.206000,0.068121,0.072356,0.089000,0.094599
EXP3_HYBRID,10000,27.9000,19565,0.061481,0.201000,0.086454,0.075207,0.081000,0.103113
EXP3_HYBRID,10000,27.9900,6521,0.067283,0.247000,0.097554,0.079233,0.100000,0.096348
EXP3_HYBRID,10000,27.9000,20869,0.056963,0.198000,0.085470,0.071179,0.095000,0.105453
EXP3_HYBRID,10000,27.9900,7826,0.048838,0.223000,0.072924,0.089310,0.074000,0.101401
EXP3_HYBRID,10000,27.9900,9130,0.059276,0.216000,0.078881,0.070802,0.086000,0.097298
EXP3_HYBRID,10000,27.9000,22173,0.068616,0.207000,0.087994,0.087789,0.089000,0.108356
EXP3_HYBRID,10000,27.9000,23478,0.058023,0.197000,0.078445,0.084438,0.094000,0.102653
EXP3_HYBRID,10000,27.9900,10434,0.068764,0.206000,0.089616,0.081679,0.095000,0.100387
EXP3_HYBRID,10000,27.9900,11739,0.067862,0.207000,0.090495,0.089696,0.088000,0.118052
EXP3_HYBRID,10000,27.9000,24782,0.058576,0.170000,0.078613,0.062579,0.081000,0.088210
EXP3_HYBRID,10000,27.9900,13043,0.067934,0.208000,0.089077,0.111260,0.072000,0.140764
EXP3_HYBRID,10000,27.9000,26086,0.052859,0.161000,0.078962,0.072903,0.073000,0.103413
EXP3_HYBRID,10000,27.9000,27391,0.051139,0.180000,0.078494,0.058158,0.074000,0.090603
EXP3_HYBRID,10000,27.9900,14347,0.080275,0.187000,0.102308,0.104872,0.069000,0.117717
EXP3_HYBRID,10000,27.9000,28695,0.054621,0.169000,0.080180,0.070001,0.077000,0.098003
EXP3_HYBRID,10000,None,0,0.089772,0.288000,0.124132,0.104006,0.136000,0.146449
EXP3_HYBRID,10000,27.9900,15652,0.053518,0.207000,0.075938,0.081820,0.087000,0.104112
EXP3_HYBRID,10000,27.9900,16956,0.048947,0.199000,0.072210,0.084300,0.077000,0.099628
EXP3_HYBRID,10000,27.9000,30000,0.058573,0.166000,0.082341,0.071168,0.075000,0.107234
EXP3_HYBRID,10000,28.0001,1304,0.081420,0.272000,0.101901,0.106236,0.125000,0.152057
EXP3_HYBRID,10000,28.0001,2608,0.073455,0.287000,0.100591,0.092793,0.125000,0.120430
EXP3_HYBRID,10000,28.0001,3913,0.087534,0.287000,0.112200,0.102208,0.111000,0.141131
EXP3_HYBRID,10000,27.9900,18260,0.064368,0.171000,0.071770,0.068982,0.070000,0.085031
EXP3_HYBRID,10000,27.9900,19565,0.062447,0.178000,0.067588,0.071430,0.084000,0.089248
EXP3_HYBRID,10000,28.0001,5217,0.089464,0.301000,0.131266,0.100801,0.101000,0.129616
EXP3_HYBRID,10000,28.0001,6521,0.095882,0.258000,0.115566,0.106372,0.104000,0.146645
EXP3_HYBRID,10000,27.9900,20869,0.058962,0.169000,0.066411,0.083455,0.071000,0.094879
EXP3_HYBRID,10000,28.0001,7826,0.086901,0.292000,0.114141,0.119428,0.106000,0.152014
EXP3_HYBRID,10000,27.9900,22173,0.054180,0.156000,0.067211,0.073885,0.062000,0.091969
EXP3_HYBRID,10000,28.0001,9130,0.098407,0.289000,0.144134,0.104208,0.123000,0.149983
EXP3_HYBRID,10000,27.9900,23478,0.058957,0.153000,0.069280,0.067663,0.066000,0.086882
EXP3_HYBRID,10000,28.0001,10434,0.102488,0.241000,0.103280,0.105666,0.083000,0.124872
EXP3_HYBRID,10000,28.0001,11739,0.103650,0.231000,0.107281,0.113181,0.089000,0.141681
EXP3_HYBRID,10000,27.9900,24782,0.057870,0.150000,0.068941,0.068541,0.056000,0.091871
EXP3_HYBRID,10000,28.0001,13043,0.101431,0.238000,0.114739,0.120719,0.091000,0.151884
EXP3_HYBRID,10000,27.9900,26086,0.061220,0.148000,0.070708,0.072253,0.053000,0.094187
EXP3_HYBRID,10000,28.0001,14347,0.107246,0.242000,0.115566,0.137714,0.083000,0.175040
EXP3_HYBRID,10000,27.9900,27391,0.070199,0.149000,0.076323,0.088522,0.052000,0.116362
EXP3_HYBRID,10000,None,0,0.089772,0.288000,0.124132,0.104006,0.136000,0.146449
EXP3_HYBRID,10000,28.0001,15652,0.103666,0.228000,0.116716,0.143168,0.082000,0.172545
EXP3_HYBRID,10000,28.0100,1304,0.080641,0.284000,0.098290,0.096701,0.113000,0.125043
EXP3_HYBRID,10000,28.0001,16956,0.106563,0.230000,0.123489,0.135371,0.078000,0.177973
EXP3_HYBRID,10000,27.9900,28695,0.064557,0.147000,0.072261,0.070798,0.071000,0.087560
EXP3_HYBRID,10000,28.0100,2608,0.091380,0.292000,0.101290,0.093250,0.124000,0.118889
EXP3_HYBRID,10000,28.0001,18260,0.111580,0.227000,0.131680,0.137471,0.078000,0.171543
EXP3_HYBRID,10000,27.9900,30000,0.051589,0.143000,0.065746,0.065370,0.060000,0.086540
EXP3_HYBRID,10000,28.0100,3913,0.089426,0.289000,0.116190,0.110703,0.109000,0.138023
EXP3_HYBRID,10000,28.0001,19565,0.085017,0.230000,0.110440,0.133354,0.087000,0.182554
EXP3_HYBRID,10000,28.0100,5217,0.088818,0.292000,0.105024,0.114492,0.127000,0.140363
EXP3_HYBRID,10000,28.0100,6521,0.101037,0.287000,0.136225,0.117674,0.114000,0.151227
EXP3_HYBRID,10000,28.0001,20869,0.100394,0.207000,0.114115,0.134943,0.070000,0.186324
EXP3_HYBRID,10000,28.0001,22173,0.098222,0.225000,0.118100,0.141367,0.069000,0.190779
EXP3_HYBRID,10000,28.0100,7826,0.123959,0.307000,0.128561,0.148654,0.122000,0.202082
EXP3_HYBRID,10000,28.0001,23478,0.111391,0.208000,0.130333,0.136242,0.071000,0.192265
EXP3_HYBRID,10000,28.0100,9130,0.135449,0.298000,0.161772,0.153867,0.113000,0.208029
EXP3_HYBRID,10000,28.0001,24782,0.110021,0.183000,0.129696,0.137840,0.058000,0.181124
EXP3_HYBRID,10000,28.0100,10434,0.123169,0.291000,0.155942,0.154138,0.097000,0.213476
EXP3_HYBRID,10000,28.0100,11739,0.147442,0.280000,0.197045,0.164590,0.115000,0.235411
EXP3_HYBRID,10000,28.0001,26086,0.112027,0.203000,0.138522,0.134463,0.083000,0.191181
EXP3_HYBRID,10000,28.0100,13043,0.136527,0.278000,0.174585,0.166801,0.092000,0.242303
EXP3_HYBRID,10000,28.0001,27391,0.119128,0.188000,0.146415,0.139819,0.083000,0.194782
EXP3_HYBRID,10000,None,0,0.089772,0.288000,0.124132,0.104006,0.136000,0.146449
EXP3_HYBRID,10000,28.0100,14347,0.139500,0.268000,0.170114,0.160754,0.098000,0.223244
EXP3_HYBRID,10000,28.0001,28695,0.113180,0.182000,0.125553,0.137271,0.064000,0.189906
EXP3_HYBRID,10000,28.0100,15652,0.144163,0.243000,0.202260,0.169254,0.094000,0.238207
EXP3_HYBRID,10000,28.1000,1304,0.104542,0.262000,0.138495,0.102288,0.136000,0.141061
EXP3_HYBRID,10000,28.0100,16956,0.149847,0.248000,0.190700,0.164478,0.095000,0.242858
EXP3_HYBRID,10000,28.1000,2608,0.089857,0.278000,0.117332,0.106507,0.117000,0.145902
EXP3_HYBRID,10000,28.0100,18260,0.142826,0.245000,0.172640,0.171882,0.081000,0.259700
EXP3_HYBRID,10000,28.0001,30000,0.106532,0.188000,0.116967,0.139075,0.073000,0.193555
EXP3_HYBRID,10000,28.1000,3913,0.066732,0.284000,0.090718,0.088943,0.104000,0.114212
EXP3_HYBRID,10000,28.0100,19565,0.150236,0.241000,0.176527,0.179628,0.080000,0.247843
EXP3_HYBRID,10000,28.1000,5217,0.082964,0.271000,0.094079,0.093271,0.103000,0.119418
EXP3_HYBRID,10000,28.1000,6521,0.084893,0.311000,0.104978,0.102094,0.117000,0.138791
EXP3_HYBRID,10000,28.0100,20869,0.168843,0.198000,0.221892,0.185820,0.073000,0.278232
EXP3_HYBRID,10000,28.0100,22173,0.158769,0.208000,0.204952,0.184073,0.069000,0.269349
EXP3_HYBRID,10000,28.1000,7826,0.061495,0.316000,0.076481,0.080223,0.122000,0.112756
EXP3_HYBRID,10000,28.0100,23478,0.157458,0.200000,0.210653,0.187752,0.072000,0.302758
EXP3_HYBRID,10000,28.1000,9130,0.074672,0.300000,0.090375,0.087551,0.121000,0.103741
EXP3_HYBRID,10000,28.0100,24782,0.164918,0.194000,0.216398,0.191366,0.052000,0.298056
EXP3_HYBRID,10000,28.1000,10434,0.087321,0.275000,0.087172,0.102314,0.134000,0.122212
EXP3_HYBRID,10000,28.1000,11739,0.098450,0.269000,0.098502,0.106745,0.122000,0.127144
EXP3_HYBRID,10000,28.1000,13043,0.087451,0.268000,0.095195,0.096950,0.116000,0.132356
EXP3_HYBRID,10000,28.0100,26086,0.170766,0.179000,0.243490,0.197868,0.055000,0.311819
EXP3_HYBRID,10000,28.1000,14347,0.086922,0.243000,0.084911,0.123579,0.086000,0.141281
EXP3_HYBRID,10000,28.0100,27391,0.183208,0.184000,0.272430,0.201256,0.060000,0.321064
EXP3_HYBRID,10000,28.1000,15652,0.102304,0.236000,0.098116,0.124648,0.097000,0.141185
EXP3_HYBRID,10000,None,0,0.089772,0.288000,0.124132,0.104006,0.136000,0.146449
EXP3_HYBRID,10000,28.0100,28695,0.186092,0.167000,0.265442,0.202882,0.054000,0.324774
EXP3_HYBRID,10000,30.0000,1304,0.082181,0.305000,0.106333,0.091914,0.128000,0.125324
EXP3_HYBRID,10000,28.1000,16956,0.093967,0.233000,0.096132,0.114949,0.100000,0.132870
EXP3_HYBRID,10000,30.0000,2608,0.076116,0.299000,0.108423,0.093757,0.130000,0.126267
EXP3_HYBRID,10000,28.0100,30000,0.179245,0.174000,0.251258,0.204064,0.054000,0.315767
EXP3_HYBRID,10000,28.1000,18260,0.097324,0.237000,0.093832,0.121579,0.097000,0.141856
EXP3_HYBRID,10000,30.0000,3913,0.065713,0.318000,0.092824,0.092984,0.111000,0.118509
EXP3_HYBRID,10000,28.1000,19565,0.089996,0.228000,0.092374,0.119673,0.076000,0.146683
EXP3_HYBRID,10000,30.0000,5217,0.086873,0.314000,0.087064,0.078350,0.112000,0.092446
EXP3_HYBRID,10000,28.1000,20869,0.101739,0.217000,0.118785,0.124866,0.073000,0.168108
EXP3_HYBRID,10000,30.0000,6521,0.098418,0.381000,0.104134,0.094836,0.134000,0.119192
EXP3_HYBRID,10000,30.0000,7826,0.076905,0.386000,0.101775,0.100675,0.132000,0.136163
EXP3_HYBRID,10000,28.1000,22173,0.109931,0.206000,0.122839,0.121635,0.072000,0.144311
EXP3_HYBRID,10000,28.1000,23478,0.092942,0.196000,0.108699,0.119223,0.071000,0.159967
EXP3_HYBRID,10000,30.0000,9130,0.097611,0.388000,0.129207,0.102013,0.154000,0.150091
EXP3_HYBRID,10000,30.0000,10434,0.099972,0.430000,0.125869,0.121112,0.156000,0.160401
EXP3_HYBRID,10000,28.1000,24782,0.107117,0.194000,0.134170,0.134220,0.069000,0.194129
EXP3_HYBRID,10000,30.0000,11739,0.113643,0.433000,0.147209,0.124402,0.164000,0.179740
EXP3_HYBRID,10000,30.0000,13043,0.106129,0.436000,0.137716,0.138690,0.154000,0.199383
EXP3_HYBRID,10000,30.0000,14347,0.101177,0.433000,0.147835,0.142495,0.143000,0.198865
EXP3_HYBRID,10000,28.1000,26086,0.098369,0.198000,0.113166,0.132980,0.072000,0.185808
EXP3_HYBRID,10000,28.1000,27391,0.101859,0.185000,0.111159,0.121340,0.069000,0.155542
EXP3_HYBRID,10000,None,0,0.089772,0.288000,0.124132,0.104006,0.136000,0.146449
EXP3_HYBRID,10000,30.0000,15652,0.127718,0.434000,0.176485,0.139832,0.125000,0.215536
EXP3_HYBRID,10000,31.0000,1304,0.082187,0.308000,0.108712,0.095888,0.124000,0.129798
EXP3_HYBRID,10000,28.1000,28695,0.101388,0.191000,0.113392,0.133917,0.057000,0.183478
EXP3_HYBRID,10000,30.0000,16956,0.105545,0.411000,0.153916,0.137726,0.155000,0.214359
EXP3_HYBRID,10000,28.1000,30000,0.107501,0.180000,0.128256,0.138544,0.060000,0.171899
EXP3_HYBRID,10000,31.0000,2608,0.080740,0.315000,0.108218,0.092117,0.132000,0.129619
EXP3_HYBRID,10000,31.0000,3913,0.080157,0.352000,0.115323,0.091474,0.134000,0.115661
EXP3_HYBRID,10000,30.0000,18260,0.135809,0.403000,0.193174,0.146973,0.149000,0.227599
EXP3_HYBRID,10000,30.0000,20869,0.136488,0.404000,0.213140,0.144711,0.151000,0.224505
EXP3_HYBRID,10000,31.0000,5217,0.072882,0.370000,0.101500,0.094163,0.148000,0.119306
EXP3_HYBRID,10000,30.0000,19565,0.131084,0.394000,0.202068,0.138819,0.139000,0.224178
EXP3_HYBRID,10000,31.0000,6521,0.090574,0.409000,0.125007,0.096356,0.164000,0.135515
EXP3_HYBRID,10000,31.0000,7826,0.096033,0.461000,0.140081,0.091278,0.212000,0.117603
EXP3_HYBRID,10000,30.0000,22173,0.131363,0.384000,0.204154,0.151227,0.127000,0.248491
EXP3_HYBRID,10000,31.0000,9130,0.105850,0.464000,0.139643,0.111909,0.222000,0.150893
EXP3_HYBRID,10000,30.0000,23478,0.146584,0.372000,0.228794,0.155188,0.118000,0.258191
EXP3_HYBRID,10000,31.0000,11739,0.091525,0.534000,0.152756,0.111938,0.282000,0.149723
EXP3_HYBRID,10000,31.0000,10434,0.097583,0.492000,0.135434,0.115788,0.249000,0.179877
EXP3_HYBRID,10000,30.0000,24782,0.152285,0.363000,0.253113,0.159219,0.106000,0.266765
EXP3_HYBRID,10000,31.0000,13043,0.126984,0.574000,0.179467,0.127612,0.260000,0.187807
EXP3_HYBRID,10000,30.0000,26086,0.156495,0.393000,0.255241,0.159045,0.127000,0.277009
EXP3_HYBRID,10000,None,0,0.089772,0.288000,0.124132,0.104006,0.136000,0.146449
EXP3_HYBRID,10000,31.0000,14347,0.133572,0.580000,0.219819,0.129767,0.290000,0.215944
EXP3_HYBRID,10000,30.0000,27391,0.141282,0.327000,0.243479,0.151814,0.119000,0.256015
EXP3_HYBRID,10000,31.0000,15652,0.136192,0.562000,0.226526,0.131225,0.293000,0.206205
EXP3_HYBRID,10000,32.0000,1304,0.081007,0.289000,0.115840,0.101409,0.131000,0.151378
EXP3_HYBRID,10000,30.0000,28695,0.138618,0.345000,0.225442,0.155216,0.097000,0.274539
EXP3_HYBRID,10000,31.0000,16956,0.120700,0.619000,0.162480,0.128970,0.311000,0.199628
EXP3_HYBRID,10000,32.0000,2608,0.085531,0.323000,0.115631,0.102126,0.131000,0.147279
EXP3_HYBRID,10000,31.0000,18260,0.121906,0.629000,0.197087,0.138491,0.315000,0.266265
EXP3_HYBRID,10000,30.0000,30000,0.155012,0.304000,0.259940,0.162110,0.082000,0.285285
EXP3_HYBRID,10000,32.0000,3913,0.091038,0.344000,0.098191,0.094125,0.142000,0.114542
EXP3_HYBRID,10000,31.0000,19565,0.146186,0.624000,0.243212,0.145945,0.306000,0.253583
EXP3_HYBRID,10000,32.0000,5217,0.084643,0.380000,0.126210,0.090126,0.171000,0.120515
EXP3_HYBRID,10000,32.0000,6521,0.084034,0.447000,0.097647,0.086141,0.177000,0.108146
EXP3_HYBRID,10000,31.0000,20869,0.144238,0.597000,0.259663,0.136473,0.303000,0.249620
EXP3_HYBRID,10000,32.0000,7826,0.084804,0.458000,0.114054,0.085886,0.187000,0.109885
EXP3_HYBRID,10000,31.0000,22173,0.151861,0.586000,0.254353,0.167676,0.296000,0.292743
EXP3_HYBRID,10000,31.0000,23478,0.148752,0.588000,0.242752,0.166302,0.287000,0.291147
EXP3_HYBRID,10000,32.0000,9130,0.093034,0.481000,0.116619,0.096537,0.179000,0.129571
EXP3_HYBRID,10000,32.0000,10434,0.099563,0.506000,0.134002,0.092630,0.199000,0.119003
EXP3_HYBRID,10000,31.0000,24782,0.175527,0.584000,0.310934,0.175651,0.298000,0.318509
EXP3_HYBRID,10000,32.0000,11739,0.112681,0.537000,0.152692,0.099503,0.223000,0.128195
EXP3_HYBRID,10000,31.0000,26086,0.201090,0.579000,0.346553,0.184852,0.254000,0.336511
EXP3_HYBRID,10000,32.0000,13043,0.106923,0.574000,0.147296,0.100540,0.269000,0.133551
EXP3_HYBRID,10000,32.0000,14347,0.118451,0.584000,0.177701,0.096117,0.277000,0.142126
EXP3_HYBRID,10000,31.0000,27391,0.195815,0.568000,0.369917,0.190879,0.243000,0.352314
EXP3_HYBRID,10000,None,0,0.089772,0.288000,0.124132,0.104006,0.136000,0.146449
EXP3_HYBRID,10000,32.0000,15652,0.115166,0.611000,0.159952,0.113956,0.312000,0.155541
EXP3_HYBRID,10000,33.0000,1304,0.069464,0.307000,0.100873,0.096773,0.138000,0.130884
EXP3_HYBRID,10000,31.0000,28695,0.182915,0.565000,0.320237,0.193879,0.249000,0.350919
EXP3_HYBRID,10000,33.0000,2608,0.085235,0.304000,0.102371,0.102406,0.123000,0.150631
EXP3_HYBRID,10000,32.0000,16956,0.133040,0.618000,0.184614,0.110270,0.325000,0.149763
EXP3_HYBRID,10000,33.0000,3913,0.085752,0.330000,0.113029,0.103102,0.131000,0.148739
EXP3_HYBRID,10000,32.0000,18260,0.143997,0.629000,0.217303,0.125570,0.346000,0.192208
EXP3_HYBRID,10000,31.0000,30000,0.197475,0.551000,0.365850,0.204508,0.230000,0.380751
EXP3_HYBRID,10000,32.0000,19565,0.142786,0.626000,0.206186,0.129600,0.350000,0.196541
EXP3_HYBRID,10000,33.0000,5217,0.089571,0.363000,0.144065,0.096540,0.140000,0.147020
EXP3_HYBRID,10000,32.0000,20869,0.159050,0.640000,0.280030,0.149222,0.372000,0.248014
EXP3_HYBRID,10000,33.0000,6521,0.072921,0.372000,0.101749,0.089255,0.162000,0.124423
EXP3_HYBRID,10000,33.0000,7826,0.067832,0.440000,0.097886,0.094042,0.166000,0.131540
EXP3_HYBRID,10000,32.0000,22173,0.151422,0.639000,0.259320,0.147243,0.353000,0.272828
EXP3_HYBRID,10000,32.0000,23478,0.163971,0.674000,0.277354,0.169122,0.398000,0.313858
EXP3_HYBRID,10000,33.0000,9130,0.084895,0.461000,0.102686,0.093143,0.183000,0.130458
EXP3_HYBRID,10000,32.0000,24782,0.165339,0.685000,0.280302,0.164309,0.381000,0.287828
EXP3_HYBRID,10000,33.0000,10434,0.090829,0.493000,0.118707,0.087638,0.208000,0.121994
EXP3_HYBRID,10000,33.0000,11739,0.109140,0.473000,0.136791,0.095704,0.232000,0.129307
EXP3_HYBRID,10000,32.0000,26086,0.159890,0.658000,0.272054,0.162623,0.375000,0.299649
EXP3_HYBRID,10000,33.0000,13043,0.096673,0.519000,0.132294,0.090680,0.221000,0.124337
EXP3_HYBRID,10000,33.0000,14347,0.117346,0.549000,0.138261,0.102515,0.254000,0.163028
EXP3_HYBRID,10000,32.0000,27391,0.171272,0.683000,0.292509,0.190397,0.345000,0.368238
EXP3_HYBRID,10000,None,0,0.089772,0.288000,0.124132,0.104006,0.136000,0.146449
EXP3_HYBRID,10000,34.0000,1304,0.067987,0.273000,0.100949,0.100375,0.114000,0.142358
EXP3_HYBRID,10000,33.0000,15652,0.131145,0.606000,0.163594,0.114324,0.278000,0.141425
EXP3_HYBRID,10000,33.0000,16956,0.140679,0.577000,0.179015,0.111624,0.322000,0.168002
EXP3_HYBRID,10000,32.0000,28695,0.188994,0.670000,0.381577,0.171866,0.382000,0.351951
EXP3_HYBRID,10000,34.0000,2608,0.076700,0.286000,0.107566,0.103905,0.129000,0.136416
EXP3_HYBRID,10000,33.0000,18260,0.127861,0.646000,0.181672,0.120945,0.332000,0.177851
EXP3_HYBRID,10000,34.0000,3913,0.088450,0.305000,0.122321,0.103558,0.128000,0.155364
EXP3_HYBRID,10000,32.0000,30000,0.181110,0.654000,0.373621,0.186125,0.363000,0.377957
EXP3_HYBRID,10000,34.0000,5217,0.079919,0.329000,0.112267,0.098289,0.146000,0.143867
EXP3_HYBRID,10000,33.0000,19565,0.144444,0.644000,0.217915,0.129405,0.346000,0.184152
EXP3_HYBRID,10000,33.0000,20869,0.164074,0.656000,0.280522,0.116047,0.370000,0.195952
EXP3_HYBRID,10000,34.0000,6521,0.083729,0.339000,0.115822,0.106751,0.121000,0.157585
EXP3_HYBRID,10000,33.0000,22173,0.151541,0.644000,0.273974,0.126185,0.387000,0.211001
EXP3_HYBRID,10000,34.0000,7826,0.090284,0.385000,0.143246,0.102420,0.138000,0.149091
EXP3_HYBRID,10000,34.0000,9130,0.083855,0.413000,0.106323,0.099411,0.165000,0.142853
EXP3_HYBRID,10000,33.0000,23478,0.156846,0.689000,0.305175,0.135501,0.378000,0.260437
EXP3_HYBRID,10000,34.0000,10434,0.085460,0.452000,0.096924,0.097948,0.182000,0.146615
EXP3_HYBRID,10000,33.0000,24782,0.156895,0.675000,0.269037,0.154661,0.386000,0.274525
EXP3_HYBRID,10000,34.0000,11739,0.099344,0.460000,0.113688,0.087784,0.168000,0.128697
EXP3_HYBRID,10000,33.0000,26086,0.176166,0.681000,0.351103,0.140738,0.384000,0.261778
EXP3_HYBRID,10000,34.0000,13043,0.097092,0.460000,0.127804,0.100769,0.192000,0.140248
EXP3_HYBRID,10000,33.0000,27391,0.191555,0.678000,0.371633,0.154770,0.406000,0.306933
EXP3_HYBRID,10000,None,0,0.089772,0.288000,0.124132,0.104006,0.136000,0.146449
EXP3_HYBRID,10000,35.0000,1304,0.088683,0.290000,0.126419,0.097727,0.133000,0.142013
EXP3_HYBRID,10000,33.0000,28695,0.168777,0.694000,0.329339,0.163580,0.403000,0.307716
EXP3_HYBRID,10000,34.0000,15652,0.095956,0.541000,0.130241,0.093319,0.224000,0.145666
EXP3_HYBRID,10000,34.0000,14347,0.109392,0.509000,0.181451,0.094341,0.222000,0.138490
EXP3_HYBRID,10000,34.0000,18260,0.095250,0.551000,0.155808,0.101553,0.242000,0.171882
EXP3_HYBRID,10000,35.0000,2608,0.085180,0.270000,0.123238,0.102706,0.129000,0.149030
EXP3_HYBRID,10000,34.0000,16956,0.099236,0.588000,0.138345,0.090848,0.249000,0.131952
EXP3_HYBRID,10000,33.0000,30000,0.182070,0.687000,0.364989,0.185826,0.397000,0.351008
EXP3_HYBRID,10000,35.0000,3913,0.081279,0.299000,0.120837,0.103906,0.137000,0.149007
EXP3_HYBRID,10000,34.0000,19565,0.098423,0.601000,0.137082,0.095788,0.281000,0.148296
EXP3_HYBRID,10000,35.0000,5217,0.079688,0.317000,0.110809,0.104924,0.133000,0.153000
EXP3_HYBRID,10000,35.0000,6521,0.088455,0.326000,0.133559,0.096864,0.130000,0.132910
EXP3_HYBRID,10000,34.0000,20869,0.115334,0.615000,0.182879,0.108743,0.298000,0.168249
EXP3_HYBRID,10000,34.0000,22173,0.119715,0.625000,0.175768,0.103481,0.301000,0.166734
EXP3_HYBRID,10000,35.0000,7826,0.083499,0.342000,0.105065,0.107337,0.142000,0.147367
EXP3_HYBRID,10000,34.0000,23478,0.119771,0.628000,0.195687,0.105121,0.307000,0.180002
EXP3_HYBRID,10000,35.0000,9130,0.094025,0.368000,0.106589,0.098755,0.170000,0.147183
EXP3_HYBRID,10000,34.0000,24782,0.155596,0.661000,0.239254,0.113422,0.327000,0.201181
EXP3_HYBRID,10000,35.0000,10434,0.101680,0.400000,0.121761,0.100839,0.151000,0.145103
EXP3_HYBRID,10000,35.0000,11739,0.097285,0.440000,0.126518,0.098893,0.170000,0.141761
EXP3_HYBRID,10000,34.0000,26086,0.131694,0.657000,0.244492,0.123728,0.343000,0.216189
EXP3_HYBRID,10000,35.0000,13043,0.095434,0.456000,0.122363,0.105658,0.174000,0.143205
EXP3_HYBRID,10000,34.0000,27391,0.155531,0.672000,0.248535,0.134582,0.350000,0.232632
EXP3_HYBRID,10000,35.0000,14347,0.104997,0.449000,0.145911,0.096772,0.172000,0.131942
EXP3_HYBRID,10000,None,0,0.089772,0.288000,0.124132,0.104006,0.136000,0.146449
EXP3_HYBRID,10000,35.0000,15652,0.116821,0.506000,0.144502,0.099538,0.189000,0.132114
EXP3_HYBRID,10000,34.0000,28695,0.152494,0.694000,0.270399,0.130300,0.422000,0.264985
EXP3_HYBRID,10000,36.0000,1304,0.080949,0.290000,0.122018,0.091172,0.150000,0.137166
EXP3_HYBRID,10000,35.0000,16956,0.105023,0.520000,0.153412,0.092472,0.210000,0.127224
EXP3_HYBRID,10000,36.0000,2608,0.095692,0.304000,0.125004,0.104755,0.137000,0.154969
EXP3_HYBRID,10000,35.0000,18260,0.095322,0.568000,0.143369,0.098759,0.234000,0.152627
EXP3_HYBRID,10000,34.0000,30000,0.185542,0.688000,0.363022,0.141141,0.416000,0.244480
EXP3_HYBRID,10000,35.0000,19565,0.125430,0.583000,0.215107,0.100122,0.245000,0.138689
EXP3_HYBRID,10000,36.0000,3913,0.089658,0.308000,0.123622,0.097530,0.136000,0.139728
EXP3_HYBRID,10000,36.0000,5217,0.089067,0.311000,0.115120,0.092347,0.144000,0.129395
EXP3_HYBRID,10000,35.0000,20869,0.123973,0.602000,0.188542,0.109889,0.254000,0.162453
EXP3_HYBRID,10000,35.0000,22173,0.141549,0.625000,0.198284,0.101983,0.290000,0.161195
EXP3_HYBRID,10000,36.0000,6521,0.101202,0.334000,0.136370,0.103743,0.157000,0.137397
EXP3_HYBRID,10000,36.0000,7826,0.081143,0.351000,0.116746,0.105976,0.126000,0.141801
EXP3_HYBRID,10000,36.0000,9130,0.086424,0.356000,0.122268,0.102161,0.140000,0.147674
EXP3_HYBRID,10000,35.0000,23478,0.117873,0.623000,0.188149,0.106413,0.319000,0.171135
EXP3_HYBRID,10000,36.0000,10434,0.091479,0.370000,0.126092,0.097796,0.143000,0.138865
EXP3_HYBRID,10000,35.0000,24782,0.143563,0.651000,0.220967,0.106425,0.311000,0.150756
EXP3_HYBRID,10000,36.0000,11739,0.078582,0.408000,0.117491,0.088176,0.153000,0.133553
EXP3_HYBRID,10000,36.0000,13043,0.088768,0.415000,0.121645,0.098309,0.175000,0.137165
EXP3_HYBRID,10000,35.0000,26086,0.145746,0.652000,0.227165,0.114759,0.298000,0.160883
EXP3_HYBRID,10000,36.0000,14347,0.103905,0.417000,0.158948,0.083306,0.157000,0.123071
EXP3_HYBRID,10000,35.0000,27391,0.156024,0.669000,0.248082,0.117174,0.320000,0.172054
EXP3_HYBRID,10000,36.0000,15652,0.070606,0.420000,0.111326,0.090698,0.165000,0.134239
EXP3_HYBRID,10000,None,0,0.089772,0.288000,0.124132,0.104006,0.136000,0.146449
EXP3_HYBRID,10000,37.0000,1304,0.075183,0.309000,0.104014,0.105714,0.136000,0.141795
EXP3_HYBRID,10000,36.0000,16956,0.097596,0.485000,0.148951,0.091397,0.184000,0.135961
EXP3_HYBRID,10000,35.0000,28695,0.178791,0.652000,0.321115,0.120749,0.379000,0.175362
EXP3_HYBRID,10000,37.0000,2608,0.089313,0.265000,0.128848,0.103709,0.130000,0.152395
EXP3_HYBRID,10000,35.0000,30000,0.167213,0.663000,0.296448,0.128736,0.370000,0.206587
EXP3_HYBRID,10000,36.0000,18260,0.108411,0.502000,0.141724,0.094040,0.197000,0.134503
EXP3_HYBRID,10000,37.0000,3913,0.086494,0.315000,0.109348,0.100753,0.121000,0.130960
EXP3_HYBRID,10000,36.0000,19565,0.107553,0.528000,0.153258,0.084872,0.198000,0.119869
EXP3_HYBRID,10000,36.0000,20869,0.110402,0.527000,0.185431,0.098421,0.226000,0.149135
EXP3_HYBRID,10000,37.0000,5217,0.096926,0.298000,0.127654,0.094847,0.138000,0.137274
EXP3_HYBRID,10000,37.0000,6521,0.086399,0.333000,0.120268,0.091409,0.143000,0.129191
EXP3_HYBRID,10000,36.0000,22173,0.100078,0.544000,0.144684,0.100026,0.217000,0.140712
EXP3_HYBRID,10000,37.0000,7826,0.093794,0.307000,0.102808,0.101838,0.125000,0.137341
EXP3_HYBRID,10000,36.0000,23478,0.108998,0.592000,0.157901,0.087651,0.225000,0.114399
EXP3_HYBRID,10000,37.0000,9130,0.083920,0.329000,0.111203,0.095946,0.116000,0.127857
EXP3_HYBRID,10000,37.0000,10434,0.086482,0.350000,0.120548,0.095026,0.138000,0.137829
EXP3_HYBRID,10000,36.0000,24782,0.114705,0.611000,0.186793,0.085486,0.268000,0.121714
EXP3_HYBRID,10000,37.0000,11739,0.086000,0.389000,0.108386,0.098285,0.144000,0.147389
EXP3_HYBRID,10000,37.0000,13043,0.082346,0.389000,0.106365,0.102938,0.145000,0.145980
EXP3_HYBRID,10000,36.0000,26086,0.127151,0.592000,0.229956,0.101814,0.266000,0.155710
EXP3_HYBRID,10000,37.0000,14347,0.105621,0.373000,0.135587,0.113496,0.141000,0.162481
EXP3_HYBRID,10000,None,0,0.089772,0.288000,0.124132,0.104006,0.136000,0.146449
EXP3_HYBRID,10000,36.0000,27391,0.157380,0.626000,0.288156,0.101012,0.301000,0.150175
EXP3_HYBRID,10000,38.0000,1304,0.090301,0.303000,0.111766,0.102738,0.128000,0.150259
EXP3_HYBRID,10000,37.0000,15652,0.087759,0.415000,0.108904,0.106247,0.146000,0.150256
EXP3_HYBRID,10000,38.0000,2608,0.085906,0.287000,0.113911,0.093900,0.139000,0.141570
EXP3_HYBRID,10000,36.0000,28695,0.135662,0.617000,0.233687,0.099039,0.286000,0.155343
EXP3_HYBRID,10000,37.0000,16956,0.085460,0.432000,0.120916,0.104432,0.156000,0.151858
EXP3_HYBRID,10000,38.0000,3913,0.083735,0.299000,0.111951,0.098809,0.133000,0.137510
EXP3_HYBRID,10000,37.0000,18260,0.099685,0.450000,0.119305,0.097921,0.144000,0.148410
EXP3_HYBRID,10000,36.0000,30000,0.146988,0.648000,0.245223,0.104986,0.295000,0.167017
EXP3_HYBRID,10000,38.0000,5217,0.080293,0.286000,0.119311,0.099169,0.128000,0.135849
EXP3_HYBRID,10000,37.0000,19565,0.081957,0.470000,0.110290,0.094489,0.181000,0.127532
EXP3_HYBRID,10000,37.0000,20869,0.085178,0.467000,0.100753,0.098531,0.166000,0.146483
EXP3_HYBRID,10000,38.0000,6521,0.082080,0.300000,0.107198,0.100723,0.128000,0.137134
EXP3_HYBRID,10000,37.0000,23478,0.114098,0.496000,0.171516,0.096065,0.174000,0.136016
EXP3_HYBRID,10000,37.0000,22173,0.108992,0.476000,0.161677,0.107446,0.194000,0.164215
EXP3_HYBRID,10000,38.0000,7826,0.079814,0.334000,0.106359,0.104673,0.129000,0.146775
EXP3_HYBRID,10000,38.0000,9130,0.082414,0.355000,0.108956,0.097952,0.130000,0.137366
EXP3_HYBRID,10000,37.0000,26086,0.098891,0.518000,0.125319,0.110413,0.196000,0.163959
EXP3_HYBRID,10000,38.0000,10434,0.091385,0.321000,0.118245,0.099051,0.138000,0.135995
EXP3_HYBRID,10000,38.0000,11739,0.077706,0.325000,0.104074,0.100012,0.132000,0.143613
EXP3_HYBRID,10000,38.0000,13043,0.083218,0.360000,0.125113,0.089857,0.137000,0.142109
EXP3_HYBRID,10000,37.0000,24782,0.102098,0.491000,0.161018,0.106844,0.201000,0.147030
EXP3_HYBRID,10000,37.0000,27391,0.117851,0.534000,0.160738,0.100804,0.241000,0.135448
EXP3_HYBRID,10000,38.0000,14347,0.095839,0.356000,0.137250,0.096745,0.155000,0.139543
EXP3_HYBRID,10000,38.0000,15652,0.087550,0.379000,0.109094,0.100969,0.162000,0.146362
EXP3_HYBRID,10000,37.0000,28695,0.124498,0.535000,0.168286,0.101940,0.245000,0.152531
EXP3_HYBRID,10000,38.0000,16956,0.079992,0.372000,0.104299,0.097095,0.149000,0.141262
EXP3_HYBRID,10000,37.0000,30000,0.116486,0.566000,0.158455,0.108157,0.245000,0.156265
EXP3_HYBRID,10000,38.0000,18260,0.091605,0.425000,0.137189,0.093129,0.157000,0.137163
EXP3_HYBRID,10000,38.0000,19565,0.086829,0.438000,0.111386,0.102102,0.171000,0.149820
EXP3_HYBRID,10000,38.0000,20869,0.098117,0.406000,0.128856,0.099151,0.151000,0.155533
EXP3_HYBRID,10000,38.0000,22173,0.085868,0.451000,0.127400,0.092148,0.175000,0.134737
EXP3_HYBRID,10000,38.0000,23478,0.100467,0.438000,0.130520,0.096681,0.172000,0.139571
EXP3_HYBRID,10000,38.0000,24782,0.104979,0.473000,0.135827,0.091110,0.177000,0.139792
EXP3_HYBRID,10000,38.0000,26086,0.106400,0.485000,0.135080,0.107151,0.196000,0.167610
EXP3_HYBRID,10000,38.0000,28695,0.090334,0.540000,0.108064,0.106024,0.216000,0.152148
EXP3_HYBRID,10000,38.0000,27391,0.097656,0.506000,0.132418,0.097883,0.198000,0.151008
EXP3_HYBRID,10000,38.0000,30000,0.098595,0.527000,0.136882,0.100234,0.227000,0.147543
EXP1_CLEAR,13043,None,0,0.111207,0.242000,0.133324,0.114626,0.117000,0.139768
EXP1_CLEAR,16086,None,0,0.090894,0.293000,0.115050,0.112556,0.137000,0.158321
EXP2_MIX,10000,None,0,0.089772,0.288000,0.124132,0.104006,0.136000,0.146449
EXP2_MIX,10000,None,0,0.089772,0.288000,0.124132,0.104006,0.136000,0.146449
EXP2_MIX,10000,None,0,0.089772,0.288000,0.124132,0.104006,0.136000,0.146449
EXP1_CLEAR,22173,None,0,0.096509,0.256000,0.126252,0.107638,0.115000,0.152371
EXP2_MIX,10000,None,0,0.089772,0.288000,0.124132,0.104006,0.136000,0.146449
EXP1_CLEAR,25217,None,0,0.063177,0.255000,0.084315,0.087565,0.095000,0.122780
EXP3_HYBRID,10000,None,0,0.089772,0.288000,0.124132,0.104006,0.136000,0.146449
EXP3_HYBRID,10000,None,0,0.089772,0.288000,0.124132,0.104006,0.136000,0.146449
EXP3_HYBRID,10000,None,0,0.089772,0.288000,0.124132,0.104006,0.136000,0.146449
EXP3_HYBRID,10000,None,0,0.089772,0.288000,0.124132,0.104006,0.136000,0.146449
EXP3_HYBRID,10000,None,0,0.089772,0.288000,0.124132,0.104006,0.136000,0.146449
EXP1_CLEAR,31304,None,0,0.062366,0.180000,0.085523,0.086749,0.062000,0.120660
EXP3_HYBRID,10000,None,0,0.089772,0.288000,0.124132,0.104006,0.136000,0.146449
EXP3_HYBRID,10000,None,0,0.089772,0.288000,0.124132,0.104006,0.136000,0.146449
EXP3_HYBRID,10000,None,0,0.089772,0.288000,0.124132,0.104006,0.136000,0.146449
EXP1_CLEAR,34347,None,0,0.070082,0.140000,0.077343,0.081090,0.050000,0.092202
EXP3_HYBRID,10000,None,0,0.089772,0.288000,0.124132,0.104006,0.136000,0.146449
EXP3_HYBRID,10000,None,0,0.089772,0.288000,0.124132,0.104006,0.136000,0.146449
EXP3_HYBRID,10000,None,0,0.089772,0.288000,0.124132,0.104006,0.136000,0.146449
EXP3_HYBRID,10000,None,0,0.089772,0.288000,0.124132,0.104006,0.136000,0.146449
EXP3_HYBRID,10000,None,0,0.089772,0.288000,0.124132,0.104006,0.136000,0.146449
EXP3_HYBRID,10000,None,0,0.089772,0.288000,0.124132,0.104006,0.136000,0.146449
EXP1_CLEAR,40434,None,0,0.055449,0.156000,0.069470,0.076503,0.062000,0.083194
EXP1_CLEAR,43478,None,0,0.071140,0.155000,0.087903,0.091334,0.059000,0.119856
EXP1_CLEAR,46521,None,0,0.081595,0.101000,0.097523,0.095132,0.034000,0.111183
EXP1_CLEAR,49565,None,0,0.061867,0.093000,0.077463,0.071236,0.034000,0.086162
EXP1_CLEAR,52608,None,0,0.059440,0.129000,0.070447,0.075827,0.049000,0.097802
EXP1_CLEAR,55652,None,0,0.068544,0.135000,0.085691,0.091430,0.047000,0.125682
EXP1_CLEAR,58695,None,0,0.071855,0.095000,0.089064,0.075834,0.043000,0.099573
EXP1_CLEAR,61739,None,0,0.064603,0.083000,0.079624,0.080870,0.026000,0.092480
EXP1_CLEAR,64782,None,0,0.066291,0.108000,0.073375,0.089608,0.040000,0.098553
EXP4_FIXED,5000,21.0000,5000,0.185421,0.382000,0.312342,0.192449,0.256000,0.317806
EXP4_FIXED,5000,19.0000,5000,0.184070,0.366000,0.300216,0.181792,0.252000,0.294253
EXP4_FIXED,5000,19.5000,5000,0.172324,0.408000,0.254939,0.177799,0.272000,0.294481
EXP4_FIXED,5000,15.0000,5000,0.166696,0.399000,0.257064,0.182719,0.281000,0.279550
EXP4_FIXED,5000,20.5000,5000,0.177907,0.376000,0.274362,0.172185,0.244000,0.284482
EXP4_FIXED,5000,16.5000,5000,0.171032,0.363000,0.260527,0.178365,0.252000,0.286054
EXP4_FIXED,5000,18.5000,5000,0.167120,0.370000,0.248998,0.171647,0.286000,0.274823
EXP4_FIXED,5000,18.0000,5000,0.182434,0.380000,0.288834,0.176823,0.263000,0.269931
EXP4_FIXED,5000,22.5000,5000,0.178769,0.396000,0.268574,0.172817,0.269000,0.279180
EXP4_FIXED,5000,20.0000,5000,0.177510,0.379000,0.269986,0.171646,0.274000,0.273257
EXP4_FIXED,5000,16.0000,5000,0.165744,0.383000,0.271261,0.182508,0.255000,0.304389
EXP4_FIXED,5000,23.0000,5000,0.177702,0.388000,0.280944,0.180396,0.271000,0.291490
EXP1_CLEAR,67826,None,0,0.054689,0.095000,0.064299,0.064956,0.036000,0.074226
EXP4_FIXED,5000,15.5000,5000,0.163770,0.377000,0.239693,0.177642,0.274000,0.268420
EXP4_FIXED,5000,22.0000,5000,0.160792,0.375000,0.253258,0.173651,0.266000,0.277306
EXP4_FIXED,5000,21.5000,5000,0.178136,0.381000,0.286533,0.181386,0.269000,0.299988
EXP4_FIXED,5000,17.0000,5000,0.175364,0.372000,0.275237,0.182998,0.255000,0.303067
EXP4_FIXED,5000,17.5000,5000,0.162505,0.375000,0.253443,0.178952,0.260000,0.286650
EXP4_FIXED,5000,24.5000,5000,0.196800,0.575000,0.337647,0.186789,0.403000,0.284140
EXP4_FIXED,5000,24.0000,5000,0.171034,0.578000,0.290843,0.178550,0.379000,0.268396
EXP4_FIXED,5000,25.0000,5000,0.164619,0.584000,0.286138,0.161130,0.409000,0.297609
EXP4_FIXED,5000,25.5000,5000,0.172324,0.530000,0.308464,0.180218,0.329000,0.339665
EXP4_FIXED,5000,26.0000,5000,0.159732,0.450000,0.282000,0.159969,0.255000,0.309977
EXP4_FIXED,5000,26.5000,5000,0.181603,0.456000,0.287466,0.177630,0.212000,0.300697
EXP4_FIXED,5000,27.0000,5000,0.151811,0.424000,0.245238,0.165925,0.224000,0.273822
EXP4_FIXED,5000,27.9000,5000,0.144119,0.310000,0.182157,0.152814,0.154000,0.209508
EXP4_FIXED,5000,27.9105,5000,0.144052,0.408000,0.194612,0.170136,0.223000,0.268787
EXP4_FIXED,5000,27.9211,5000,0.172043,0.415000,0.282601,0.186298,0.243000,0.339017
EXP4_FIXED,5000,27.9316,5000,0.105683,0.288000,0.163012,0.129180,0.139000,0.198615
EXP4_FIXED,5000,27.5000,5000,0.170081,0.375000,0.250866,0.187998,0.213000,0.306128
EXP4_FIXED,5000,27.9421,5000,0.119723,0.361000,0.160122,0.155494,0.161000,0.226996
EXP4_FIXED,5000,27.9526,5000,0.124142,0.331000,0.161405,0.140043,0.165000,0.199812
EXP4_FIXED,5000,27.9737,5000,0.147133,0.380000,0.208498,0.174243,0.200000,0.289655
EXP4_FIXED,5000,27.9842,5000,0.162398,0.391000,0.224056,0.170147,0.212000,0.257975
EXP4_FIXED,5000,27.9947,5000,0.163482,0.414000,0.256946,0.185334,0.223000,0.323431
EXP4_FIXED,5000,28.0000,5000,0.161184,0.384000,0.247358,0.175132,0.193000,0.265588
EXP4_FIXED,5000,28.0053,5000,0.148481,0.319000,0.235808,0.163858,0.171000,0.258143
EXP4_FIXED,5000,28.0158,5000,0.133357,0.344000,0.182418,0.157833,0.160000,0.238477
EXP4_FIXED,5000,28.0263,5000,0.148492,0.327000,0.232010,0.163161,0.148000,0.249795
EXP4_FIXED,5000,28.0368,5000,0.143067,0.342000,0.220080,0.155668,0.185000,0.220821
EXP4_FIXED,5000,28.0474,5000,0.115105,0.319000,0.163129,0.139006,0.156000,0.192977
EXP4_FIXED,5000,28.0684,5000,0.130981,0.376000,0.194270,0.160919,0.170000,0.249297
EXP4_FIXED,5000,28.0579,5000,0.167481,0.342000,0.249957,0.183716,0.167000,0.289042
EXP4_FIXED,5000,28.0789,5000,0.147015,0.317000,0.204132,0.153758,0.165000,0.231083
EXP4_FIXED,5000,28.0895,5000,0.125156,0.348000,0.164321,0.151558,0.179000,0.224107
EXP4_FIXED,5000,28.1000,5000,0.141845,0.338000,0.209250,0.161544,0.154000,0.263465
EXP4_FIXED,5000,29.5000,5000,0.176635,0.436000,0.277001,0.183463,0.224000,0.307595
EXP4_FIXED,5000,29.0000,5000,0.166656,0.434000,0.243610,0.178514,0.228000,0.299779
EXP4_FIXED,5000,30.0000,5000,0.166848,0.462000,0.252277,0.165304,0.246000,0.285221
EXP4_FIXED,5000,28.5000,5000,0.145537,0.371000,0.253280,0.159464,0.212000,0.273364
EXP4_FIXED,5000,31.0000,5000,0.155563,0.523000,0.235704,0.166060,0.328000,0.254306
EXP4_FIXED,5000,30.5000,5000,0.169137,0.530000,0.247014,0.176754,0.390000,0.265216
EXP1_CLEAR,70869,None,0,0.059188,0.071000,0.068011,0.067307,0.026000,0.073624
EXP4_FIXED,5000,31.5000,5000,0.178194,0.588000,0.273783,0.187353,0.347000,0.312413
EXP4_FIXED,5000,32.0000,5000,0.175507,0.498000,0.274051,0.183299,0.311000,0.262327
EXP1_CLEAR,73913,None,0,0.045956,0.097000,0.071009,0.064919,0.042000,0.091693
EXP4_FIXED,5000,32.5000,5000,0.164857,0.479000,0.217828,0.170254,0.292000,0.267451
EXP4_FIXED,5000,33.0000,5000,0.172770,0.474000,0.265876,0.163494,0.322000,0.265635
EXP4_FIXED,5000,33.5000,5000,0.174063,0.517000,0.262697,0.180665,0.290000,0.273769
EXP4_FIXED,5000,34.0000,5000,0.159956,0.494000,0.222975,0.182280,0.312000,0.324277
EXP4_FIXED,5000,34.5000,5000,0.189464,0.493000,0.290464,0.170358,0.325000,0.270309
EXP4_FIXED,5000,35.0000,5000,0.166469,0.466000,0.240537,0.168431,0.309000,0.230128
EXP4_FIXED,5000,35.5000,5000,0.176394,0.405000,0.286666,0.176353,0.271000,0.275471
EXP4_FIXED,5000,36.0000,5000,0.165348,0.422000,0.257224,0.186662,0.286000,0.283211
EXP4_FIXED,5000,36.5000,5000,0.162402,0.384000,0.259527,0.168759,0.294000,0.256457
EXP4_FIXED,5000,37.5000,5000,0.179883,0.385000,0.300652,0.176018,0.283000,0.278197
EXP4_FIXED,5000,37.0000,5000,0.171551,0.401000,0.251585,0.162981,0.267000,0.244791
EXP4_FIXED,5000,38.0000,5000,0.158635,0.401000,0.230616,0.176610,0.279000,0.280565
EXP4_FIXED,5000,23.5000,5000,0.173855,0.375000,0.285034,0.187708,0.258000,0.327515
EXP4_FIXED,5000,27.9632,5000,0.192128,0.453000,0.343668,0.204321,0.240000,0.380664
EXP4_FIXED,5000,38.5000,5000,0.164191,0.389000,0.228054,0.173732,0.281000,0.293247
EXP4_FIXED,5000,39.5000,5000,0.164567,0.394000,0.235331,0.168090,0.272000,0.254470
EXP4_FIXED,5000,39.0000,5000,0.170729,0.376000,0.270983,0.171985,0.265000,0.261753
EXP4_FIXED,5000,40.0000,5000,0.165674,0.357000,0.257066,0.163586,0.259000,0.232541
EXP4_FIXED,5000,41.5000,5000,0.171002,0.394000,0.261062,0.187037,0.270000,0.289640
EXP4_FIXED,5000,41.0000,5000,0.165482,0.375000,0.246716,0.178707,0.268000,0.268015
EXP4_FIXED,5000,40.5000,5000,0.151684,0.416000,0.223644,0.156445,0.270000,0.246549
EXP4_FIXED,5000,42.0000,5000,0.173157,0.364000,0.249198,0.183524,0.258000,0.293786
EXP4_FIXED,5000,43.0000,5000,0.182500,0.369000,0.282482,0.179787,0.239000,0.286510
EXP4_FIXED,5000,43.5000,5000,0.158971,0.396000,0.259257,0.173117,0.278000,0.290958
EXP4_FIXED,5000,45.0000,5000,0.180372,0.365000,0.258836,0.179822,0.247000,0.263337
EXP4_FIXED,5000,42.5000,5000,0.173545,0.353000,0.280148,0.184183,0.242000,0.285082
EXP4_FIXED,5000,44.0000,5000,0.173219,0.351000,0.272506,0.180834,0.252000,0.281700
EXP4_FIXED,5000,44.5000,5000,0.174819,0.376000,0.237690,0.179759,0.280000,0.281400
EXP4_FIXED,5000,45.5000,5000,0.165055,0.372000,0.227454,0.183219,0.268000,0.280411
EXP4_FIXED,5000,46.5000,5000,0.179791,0.398000,0.257919,0.183831,0.272000,0.270552
EXP4_FIXED,5000,46.0000,5000,0.157076,0.374000,0.238655,0.177604,0.246000,0.288060
EXP4_FIXED,5000,47.0000,5000,0.186602,0.371000,0.278600,0.181955,0.255000,0.278920
EXP4_FIXED,5000,47.5000,5000,0.171360,0.370000,0.267154,0.189553,0.264000,0.308888
EXP4_FIXED,5000,48.0000,5000,0.176259,0.379000,0.246813,0.196292,0.274000,0.306387
EXP4_FIXED,5000,49.0000,5000,0.166439,0.391000,0.235798,0.180051,0.271000,0.281686
EXP4_FIXED,5000,48.5000,5000,0.185776,0.366000,0.272268,0.183789,0.258000,0.293845
EXP4_FIXED,5000,50.0000,5000,0.177427,0.378000,0.247894,0.177547,0.275000,0.272077
EXP4_FIXED,5000,49.5000,5000,0.181992,0.378000,0.280191,0.167808,0.293000,0.249485
EXP4_FIXED,5000,51.0000,5000,0.179241,0.384000,0.246869,0.179597,0.275000,0.278194
EXP4_FIXED,5000,50.5000,5000,0.182924,0.377000,0.261115,0.182876,0.282000,0.292631
EXP4_FIXED,5000,51.5000,5000,0.175990,0.385000,0.249671,0.179586,0.272000,0.273457
EXP4_FIXED,5000,53.0000,5000,0.175874,0.370000,0.263271,0.187265,0.253000,0.308721
EXP4_FIXED,5000,52.0000,5000,0.163891,0.381000,0.254329,0.181849,0.273000,0.288818
EXP4_FIXED,5000,52.5000,5000,0.169178,0.382000,0.230936,0.177801,0.263000,0.288544
EXP4_FIXED,5000,54.0000,5000,0.174664,0.370000,0.248454,0.180657,0.263000,0.286678
EXP4_FIXED,5000,53.5000,5000,0.164959,0.399000,0.233261,0.172041,0.255000,0.278465
EXP4_FIXED,5000,55.5000,5000,0.162271,0.373000,0.233429,0.176749,0.274000,0.258279
EXP4_FIXED,5000,55.0000,5000,0.166347,0.385000,0.236854,0.174337,0.289000,0.271039
EXP4_FIXED,5000,56.0000,5000,0.163576,0.415000,0.222378,0.168610,0.263000,0.249659
EXP4_FIXED,5000,54.5000,5000,0.150329,0.396000,0.234645,0.169083,0.282000,0.261409
EXP4_FIXED,5000,56.5000,5000,0.172876,0.385000,0.254238,0.171045,0.284000,0.248712
EXP4_FIXED,5000,58.5000,5000,0.168022,0.396000,0.258988,0.184390,0.295000,0.291765
EXP4_FIXED,5000,57.0000,5000,0.178792,0.400000,0.275057,0.181520,0.291000,0.282973
EXP4_FIXED,5000,59.5000,5000,0.168555,0.382000,0.249033,0.182475,0.250000,0.282551
EXP4_FIXED,5000,59.0000,5000,0.177269,0.373000,0.269111,0.182082,0.259000,0.287924
EXP4_FIXED,5000,57.5000,5000,0.169049,0.373000,0.254730,0.184126,0.282000,0.286757
EXP4_FIXED,5000,58.0000,5000,0.168028,0.402000,0.269920,0.167570,0.284000,0.271618
EXP4_FIXED,5000,60.0000,5000,0.179181,0.380000,0.254804,0.189818,0.283000,0.299573
EXP4_FIXED,5000,60.5000,5000,0.172819,0.397000,0.268905,0.181975,0.278000,0.284504
EXP4_FIXED,5000,62.0000,5000,0.161821,0.391000,0.227242,0.171505,0.266000,0.257960
EXP4_FIXED,5000,61.0000,5000,0.173343,0.391000,0.268029,0.180001,0.283000,0.296755
EXP4_FIXED,5000,61.5000,5000,0.175270,0.394000,0.277895,0.184047,0.286000,0.316399
EXP4_FIXED,5000,63.0000,5000,0.174475,0.380000,0.260944,0.184174,0.250000,0.281824
EXP4_FIXED,5000,62.5000,5000,0.167304,0.396000,0.238614,0.180724,0.280000,0.294410
EXP4_FIXED,5000,63.5000,5000,0.179852,0.379000,0.272549,0.175834,0.264000,0.285977
EXP4_FIXED,5000,64.5000,5000,0.185224,0.388000,0.283040,0.176954,0.283000,0.277727
EXP4_FIXED,5000,64.0000,5000,0.155135,0.388000,0.203392,0.179617,0.257000,0.297830
EXP4_FIXED,5000,65.0000,5000,0.173290,0.380000,0.263756,0.172208,0.263000,0.277103
EXP4_FIXED,5000,65.5000,5000,0.161473,0.384000,0.230648,0.175021,0.267000,0.282526
EXP4_FIXED,5000,66.0000,5000,0.180795,0.379000,0.282323,0.182732,0.261000,0.295855
EXP4_FIXED,5000,66.5000,5000,0.164633,0.371000,0.250150,0.186343,0.255000,0.325502
EXP4_FIXED,5000,67.0000,5000,0.155319,0.385000,0.224743,0.178115,0.278000,0.296267
EXP4_FIXED,5000,68.0000,5000,0.167320,0.365000,0.235928,0.175822,0.254000,0.275890
EXP4_FIXED,5000,68.5000,5000,0.168078,0.378000,0.258650,0.181996,0.261000,0.294445
EXP4_FIXED,5000,71.0000,5000,0.165053,0.383000,0.256142,0.182304,0.250000,0.303931
EXP4_FIXED,5000,69.0000,5000,0.161068,0.362000,0.233454,0.183316,0.261000,0.314461
EXP4_FIXED,5000,69.5000,5000,0.158066,0.377000,0.223877,0.177578,0.278000,0.269060
EXP4_FIXED,5000,70.0000,5000,0.163799,0.407000,0.251691,0.179883,0.239000,0.287373
EXP4_FIXED,5000,70.5000,5000,0.178560,0.397000,0.266922,0.177871,0.261000,0.298680
EXP4_FIXED,5000,67.5000,5000,0.176510,0.367000,0.252413,0.177888,0.271000,0.266982
EXP4_FIXED,5000,71.5000,5000,0.170384,0.406000,0.266795,0.186923,0.287000,0.310742
EXP4_FIXED,5000,72.0000,5000,0.180161,0.385000,0.263936,0.182700,0.261000,0.292088
EXP4_FIXED,5000,72.5000,5000,0.170528,0.380000,0.244746,0.173861,0.266000,0.266529
EXP4_FIXED,5000,73.0000,5000,0.163029,0.387000,0.219808,0.183564,0.279000,0.284647
EXP4_FIXED,5000,73.5000,5000,0.164586,0.376000,0.272548,0.168629,0.248000,0.260072
EXP4_BASE_5K,5000,None,0,0.184795,0.373000,0.309820,0.183666,0.254000,0.312560
EXP4_FIXED,5000,74.0000,5000,0.164437,0.370000,0.246388,0.171476,0.261000,0.269514
EXP4_FIXED,5000,74.5000,5000,0.178103,0.394000,0.253734,0.188794,0.266000,0.293556
EXP4_FIXED,5000,75.0000,5000,0.183216,0.382000,0.266505,0.188188,0.258000,0.317637
EXP4_BASE_10K,10000,None,0,0.089772,0.288000,0.124132,0.104006,0.136000,0.146449
EXP6_BEST,10000,28.0614,20000,0.116632,0.203000,0.141499,0.129146,0.069000,0.190893
EXP6_BEST,10000,28.0576,20000,0.074196,0.162000,0.081750,0.095214,0.057000,0.102235
EXP6_BEST,10000,27.9834,20000,0.070830,0.204000,0.090111,0.093396,0.080000,0.123015
EXP6_BEST,10000,27.9653,20000,0.064995,0.158000,0.081807,0.092328,0.056000,0.122226
EXP6_BEST,10000,28.0089,20000,0.123525,0.235000,0.170121,0.138935,0.086000,0.206569
EXP6_BEST,10000,28.0951,20000,0.061998,0.206000,0.071864,0.094832,0.103000,0.127680
EXP6_BEST,10000,28.1047,20000,0.079767,0.188000,0.094996,0.105737,0.054000,0.131231
EXP6_BEST,10000,28.0038,20000,0.081835,0.191000,0.087477,0.095815,0.077000,0.124722
EXP6_BEST,10000,28.0076,20000,0.056843,0.165000,0.070587,0.077873,0.056000,0.094995
EXP6_BEST,10000,28.0244,20000,0.077427,0.211000,0.098792,0.099012,0.072000,0.116506
EXP6_BEST,10000,27.9682,20000,0.092205,0.187000,0.119150,0.108978,0.072000,0.153277
EXP6_BEST,10000,27.9421,20000,0.075949,0.169000,0.087024,0.097490,0.065000,0.121700
EXP6_BEST,10000,28.0124,20000,0.068984,0.159000,0.086278,0.090376,0.060000,0.111740
EXP6_BEST,10000,27.9300,20000,0.121987,0.189000,0.146804,0.131837,0.074000,0.164956
EXP6_BEST,10000,27.9616,20000,0.082790,0.178000,0.117135,0.102710,0.071000,0.151966
EXP6_BEST,10000,28.1834,20000,0.116520,0.208000,0.134245,0.138110,0.073000,0.183286
EXP6_BEST,10000,28.0461,20000,0.054450,0.185000,0.063756,0.088705,0.065000,0.110641
EXP6_BEST,10000,28.1038,20000,0.087140,0.185000,0.098177,0.097470,0.078000,0.109598
EXP6_BEST,10000,27.9923,20000,0.040715,0.203000,0.068997,0.054888,0.104000,0.080217
EXP6_BEST,10000,28.1042,20000,0.096906,0.185000,0.113244,0.119366,0.071000,0.154844
EXP6_BEST,10000,27.8623,20000,0.099188,0.175000,0.139135,0.125382,0.065000,0.178365
EXP6_BEST,10000,27.9386,20000,0.080471,0.207000,0.105553,0.107476,0.087000,0.161198
EXP6_BEST,10000,27.9632,20000,0.092210,0.193000,0.128923,0.101870,0.069000,0.135938
EXP6_BEST,10000,28.0709,20000,0.082017,0.173000,0.097802,0.090405,0.078000,0.122007
EXP6_BEST,10000,27.8498,20000,0.082151,0.198000,0.110918,0.113534,0.074000,0.162829
EXP6_BEST,10000,28.1453,20000,0.065741,0.196000,0.083415,0.088719,0.089000,0.121728
EXP6_BEST,10000,27.8768,20000,0.066493,0.215000,0.084266,0.072384,0.092000,0.101937
EXP6_BEST,10000,28.0257,20000,0.096711,0.191000,0.111993,0.116006,0.093000,0.157173
EXP6_BEST,10000,27.9279,20000,0.108798,0.203000,0.142036,0.123901,0.089000,0.183131
EXP6_BEST,10000,28.0692,20000,0.108661,0.181000,0.138564,0.125966,0.055000,0.168554
EXP6_BEST,10000,28.0189,20000,0.076599,0.210000,0.107775,0.101812,0.088000,0.140983
EXP6_BEST,10000,27.9633,20000,0.062020,0.148000,0.086575,0.083004,0.054000,0.103973
EXP6_BEST,10000,27.9612,20000,0.126915,0.174000,0.175603,0.141566,0.059000,0.224707
EXP6_BEST,10000,27.9038,20000,0.052750,0.172000,0.081895,0.071662,0.079000,0.114097
EXP6_BEST,10000,27.9562,20000,0.103331,0.180000,0.137558,0.118749,0.063000,0.162850
EXP6_BEST,10000,27.9046,20000,0.083137,0.198000,0.108032,0.109210,0.074000,0.141626
EXP6_BEST,10000,28.0027,20000,0.067133,0.184000,0.087950,0.100912,0.062000,0.127679
EXP6_BEST,10000,27.8916,20000,0.081215,0.214000,0.097368,0.093384,0.077000,0.128166
EXP6_BEST,10000,27.9381,20000,0.073966,0.200000,0.090134,0.099249,0.087000,0.134622
EXP6_BEST,10000,27.8548,20000,0.088811,0.195000,0.107849,0.093789,0.087000,0.117424
EXP6_BEST,10000,28.0329,20000,0.055470,0.195000,0.065375,0.074583,0.081000,0.091526
EXP6_BEST,10000,27.9671,20000,0.083795,0.196000,0.104664,0.106610,0.065000,0.141962
EXP6_BEST,10000,27.9495,20000,0.066391,0.183000,0.086970,0.082549,0.079000,0.114189
EXP6_BEST,10000,27.8678,20000,0.071812,0.202000,0.100043,0.085472,0.073000,0.132008
EXP6_BEST,10000,27.9527,20000,0.120510,0.190000,0.162743,0.145786,0.048000,0.195535
EXP6_BEST,10000,27.7939,20000,0.091448,0.183000,0.138060,0.107310,0.062000,0.154378
EXP6_BEST,10000,28.0980,20000,0.078817,0.185000,0.096049,0.097874,0.057000,0.120947
EXP6_BEST,10000,27.8713,20000,0.075172,0.214000,0.085996,0.096597,0.088000,0.128495
EXP6_RANDOM,10000,27.5297,20000,0.143184,0.200000,0.166151,0.167327,0.073000,0.230989
EXP6_RANDOM,10000,30.4485,20000,0.132586,0.487000,0.228443,0.145440,0.201000,0.246238
EXP6_RANDOM,10000,25.1405,20000,0.191068,0.467000,0.424343,0.221369,0.166000,0.496382
EXP6_RANDOM,10000,32.1376,20000,0.140758,0.612000,0.233085,0.139982,0.385000,0.243280
EXP6_RANDOM,10000,32.7249,20000,0.141868,0.645000,0.230825,0.131497,0.363000,0.209525
EXP6_RANDOM,10000,26.9316,20000,0.166896,0.250000,0.260574,0.186800,0.090000,0.335061
EXP6_RANDOM,10000,29.5215,20000,0.103330,0.301000,0.152703,0.120391,0.099000,0.176549
EXP6_RANDOM,10000,27.3699,20000,0.108888,0.196000,0.145432,0.135976,0.085000,0.184020
EXP6_RANDOM,10000,23.8702,20000,0.208088,0.586000,0.404826,0.220199,0.337000,0.477574
EXP6_RANDOM,10000,29.7543,20000,0.110819,0.342000,0.183975,0.132697,0.108000,0.216210
EXP6_RANDOM,10000,31.5834,20000,0.124629,0.635000,0.202890,0.133362,0.337000,0.218005
EXP6_RANDOM,10000,30.6109,20000,0.141593,0.556000,0.240241,0.136147,0.226000,0.255295
EXP6_RANDOM,10000,27.6393,20000,0.114037,0.231000,0.155616,0.139830,0.078000,0.200126
EXP6_RANDOM,10000,27.8905,20000,0.071399,0.194000,0.079238,0.085309,0.071000,0.106232
EXP6_RANDOM,10000,23.9265,20000,0.211316,0.582000,0.489525,0.216555,0.329000,0.474563
EXP6_RANDOM,10000,28.6329,20000,0.088836,0.237000,0.107450,0.116388,0.069000,0.168863
EXP6_RANDOM,10000,26.4651,20000,0.177129,0.280000,0.319353,0.195603,0.090000,0.376596
EXP6_RANDOM,10000,26.9333,20000,0.140900,0.218000,0.215500,0.161556,0.077000,0.262220
EXP6_RANDOM,10000,28.0709,20000,0.082017,0.173000,0.097802,0.090405,0.078000,0.122007
EXP6_RANDOM,10000,28.4564,20000,0.080465,0.169000,0.103626,0.080120,0.063000,0.109978
EXP6_RANDOM,10000,26.8689,20000,0.142850,0.234000,0.221999,0.173358,0.098000,0.288290
EXP6_RANDOM,10000,31.1416,20000,0.149288,0.615000,0.266019,0.151486,0.280000,0.276931
EXP6_RANDOM,10000,23.8024,20000,0.221714,0.575000,0.521032,0.236553,0.342000,0.527071
EXP6_RANDOM,10000,30.8187,20000,0.134068,0.548000,0.208036,0.136731,0.247000,0.240521
EXP6_RANDOM,10000,30.3200,20000,0.126496,0.500000,0.227945,0.160376,0.200000,0.305448
EXP6_RANDOM,10000,29.3689,20000,0.113088,0.265000,0.153687,0.137709,0.090000,0.192942
EXP6_RANDOM,10000,29.8653,20000,0.124027,0.356000,0.195628,0.137021,0.126000,0.222738
EXP6_RANDOM,10000,28.8832,20000,0.100444,0.218000,0.128513,0.103565,0.082000,0.141022
EXP6_RANDOM,10000,30.3517,20000,0.127044,0.480000,0.212476,0.145057,0.172000,0.242931
EXP6_BASE_10K,10000,None,0,0.089772,0.288000,0.124132,0.104006,0.136000,0.146449
EXP6_RANDOM,10000,24.9107,20000,0.185645,0.538000,0.370203,0.209579,0.242000,0.482733
EXP6_RANDOM,10000,29.4870,20000,0.122610,0.292000,0.193298,0.139801,0.085000,0.216571
EXP6_RANDOM,10000,25.7351,20000,0.167384,0.403000,0.314106,0.198553,0.104000,0.406911
EXP6_RANDOM,10000,31.9258,20000,0.129546,0.637000,0.211976,0.132908,0.346000,0.226848
EXP6_RANDOM,10000,28.2579,20000,0.076336,0.204000,0.084612,0.104170,0.086000,0.124109
EXP6_RANDOM,10000,27.8715,20000,0.094610,0.187000,0.136556,0.112335,0.073000,0.174307
EXP6_RANDOM,10000,27.1671,20000,0.132669,0.254000,0.209346,0.167708,0.097000,0.295520
EXP6_RANDOM,10000,32.6968,20000,0.145053,0.643000,0.255152,0.130870,0.380000,0.214341
EXP6_RANDOM,10000,24.5054,20000,0.215387,0.533000,0.435012,0.228155,0.267000,0.473326
EXP6_RANDOM,10000,26.1200,20000,0.161905,0.399000,0.274970,0.182432,0.125000,0.344415
EXP6_RANDOM,10000,23.8531,20000,0.199654,0.598000,0.367249,0.220756,0.343000,0.457803
EXP6_RANDOM,10000,26.9358,20000,0.196675,0.248000,0.336696,0.207117,0.078000,0.372036
EXP6_RANDOM,10000,26.4274,20000,0.159451,0.267000,0.280163,0.179827,0.092000,0.341445
EXP6_RANDOM,10000,26.4364,20000,0.160525,0.262000,0.293845,0.181818,0.095000,0.338388
EXP6_RANDOM,10000,24.3254,20000,0.219341,0.524000,0.443687,0.229806,0.242000,0.466701
EXP6_RANDOM,10000,28.4686,20000,0.146232,0.220000,0.231427,0.168393,0.102000,0.261260
EXP6_BASE_30K,30000,None,0,0.074503,0.191000,0.091305,0.092934,0.076000,0.122023

