27.464431154191
27.649764943404
27.672823091169
27.780272121069
27.774707041569
27.737258578441
27.850423764303
27.709221277620
27.820449490379
27.435904634628
27.738975630090
27.903774798203
27.556153469476
27.520365648722
27.533113345498
27.546399593322
27.983402331313
28.048363489724
27.504605222218
27.658834225828
27.555545798110
27.642457471584
27.753267379661
27.793809096505
27.442408696573
27.701511284374
27.994668522431
27.747150130105
27.828543151961
27.756229530933
27.478932243272
27.818752574820
27.814664153619
27.588601194110
27.757134506201
27.656417429987
27.888956838837
27.759033620491
27.938132863626
27.838891087320
27.690442193325
27.450120855289
27.662929411959
27.647772007721
27.895865074895
27.873635870044
27.616468343112
27.764893863085
