27.942130671327
28.012385244768
27.998070531077
27.903774798203
27.927887086265
27.938634742194
27.981009814619
28.007001816268
28.024388978886
28.072975606445
27.849818788432
27.982731299113
28.007927188668
27.971093658191
27.925312299252
27.994444015247
28.073478501295
27.856538761568
28.156914545073
28.061362258874
27.871484602463
27.877571754675
27.949067241342
27.942134768652
27.895865074895
27.860850619825
28.069403153506
27.962438533019
28.173436576120
28.206018686210
27.836107652769
28.145097446680
27.942671154946
28.094470133287
27.925177648115
28.150957443758
27.907208166713
28.107070328054
28.089629623057
27.983815867143
28.099451715895
27.833676050601
27.953991810849
28.064228786032
27.812254271448
28.181166962006
27.836322190495
28.012428358399
