27.529674262584
30.448485922696
25.140471505008
32.137581737244
32.724917787088
26.931615167735
29.521469696974
27.369914886461
29.754274811057
23.870183279913
23.785772570372
31.583406224128
30.610893439084
27.639270402895
27.890549871887
26.465072170192
26.933257309817
28.632885151452
23.926455294734
28.070888839958
26.868943754646
28.456402224493
23.538587528516
23.802385834994
31.141632563221
30.818747265050
30.319995138939
29.865301091952
29.368925242679
28.883228195104
23.023972178061
30.351668056158
24.910654054403
29.487016846822
25.735075057845
28.257881150755
27.871484602463
31.925771742502
27.167120059337
32.696793900686
26.120000328667
23.853131080728
24.505412137625
26.935757496367
26.427420774322
26.436421632263
28.468647099002
24.325395942623
