0.01 10 0 Size_experiment 10000 0.0
0.1 10 0 Size_experiment 10000 0.0
0.01 10 1304 Size_experiment 10000 0.04350213260833892
0.1 10 1304 Size_experiment 10000 0.041985706421428744
0.01 10 2608 Size_experiment 10000 0.04453399969732989
0.1 10 2608 Size_experiment 10000 0.03875432691373196
0.1 10 3912 Size_experiment 10000 0.038640084918722756
0.01 10 3912 Size_experiment 10000 0.03878087241293337
0.1 10 6520 Size_experiment 10000 0.03937075620764834
0.1 10 5216 Size_experiment 10000 0.03687832024960339
0.01 10 6520 Size_experiment 10000 0.03715004351718614
0.01 10 5216 Size_experiment 10000 0.0349251285664223
0.01 10 7824 Size_experiment 10000 0.03758130906794947
0.1 10 7824 Size_experiment 10000 0.034448932955019836
0.1 10 9128 Size_experiment 10000 0.03564727374994101
0.1 10 11736 Size_experiment 10000 0.034907793038820446
0.01 10 9128 Size_experiment 10000 0.03334566610622988
0.01 10 11736 Size_experiment 10000 0.035600870991392364
0.1 10 10432 Size_experiment 10000 0.03285601291549634
0.01 10 10432 Size_experiment 10000 0.035113844159862934
0.1 10 15648 Size_experiment 10000 0.034659096259100165
0.1 10 13040 Size_experiment 10000 0.03217620482275975
0.01 10 13040 Size_experiment 10000 0.03248590704461204
0.0001 10 0 Size_experiment 10000 0.0
0.01 10 14344 Size_experiment 10000 0.03336897475328599
0.0001 10 1304 Size_experiment 10000 0.04453622855877929
0.1 10 14344 Size_experiment 10000 0.031694518863913605
0.0001 10 2608 Size_experiment 10000 0.039710030784920324
0.01 10 15648 Size_experiment 10000 0.031504810114873
0.0001 10 3912 Size_experiment 10000 0.0392097335424116
0.01 10 16952 Size_experiment 10000 0.031820943501981044
0.1 10 16952 Size_experiment 10000 0.030587667233293474
0.0001 10 5216 Size_experiment 10000 0.036927830181483004
0.0001 10 6520 Size_experiment 10000 0.037371136138032834
0.01 10 18256 Size_experiment 10000 0.030550469574775054
0.01 10 19560 Size_experiment 10000 0.030797198898182852
0.0001 10 9128 Size_experiment 10000 0.03639335126846553
0.1 10 18256 Size_experiment 10000 0.028981617662943524
0.0001 10 7824 Size_experiment 10000 0.03328255830213771
0.1 10 20864 Size_experiment 10000 0.028664212014041124
0.1 10 19560 Size_experiment 10000 0.02764730917951889
2 10 0 Size_experiment 10000 0.0
0.1 10 22168 Size_experiment 10000 0.02870020449640109
0.01 10 20864 Size_experiment 10000 0.02892272567080514
2 10 1304 Size_experiment 10000 0.043306242124546146
2 10 2608 Size_experiment 10000 0.04339690419275229
0.1 10 23472 Size_experiment 10000 0.02917050592755609
0.0001 10 10432 Size_experiment 10000 0.032805652602571796
0.01 10 23472 Size_experiment 10000 0.028670285650895442
0.01 10 22168 Size_experiment 10000 0.02753520399171433
0.01 10 27384 Size_experiment 10000 0.029212047020905657
0.0001 10 11736 Size_experiment 10000 0.03174895801340672
0.01 10 24776 Size_experiment 10000 0.028083036313771046
0.1 10 24776 Size_experiment 10000 0.027445437046542266
0.0001 10 13040 Size_experiment 10000 0.031958246757164584
0.1 10 27384 Size_experiment 10000 0.027507903480513612
0.1 10 26080 Size_experiment 10000 0.02737942081699134
0.1 10 28688 Size_experiment 10000 0.027552094067569068
2 10 3912 Size_experiment 10000 0.04378450736304007
0.01 10 26080 Size_experiment 10000 0.028597625152872425
2 10 6520 Size_experiment 10000 0.044426674265737896
0.0001 10 14344 Size_experiment 10000 0.030437158762972816
2 10 5216 Size_experiment 10000 0.041606154873460886
2 10 9128 Size_experiment 10000 0.0442866862263334
0.0001 10 15648 Size_experiment 10000 0.029907687489007056
2 10 7824 Size_experiment 10000 0.04201468110685676
0.01 10 29992 Size_experiment 10000 0.028122674047481384
2 10 10432 Size_experiment 10000 0.04136092385679407
0.0001 10 16952 Size_experiment 10000 0.028900634196409564
0.01 10 28688 Size_experiment 10000 0.027072953170898667
0.0001 10 18256 Size_experiment 10000 0.029381889218117695
2 10 13040 Size_experiment 10000 0.04278353262233345
0.1 10 29992 Size_experiment 10000 0.026849341621524938
0.0001 10 20864 Size_experiment 10000 0.031006064990882775
0.0001 10 19560 Size_experiment 10000 0.029437530017430734
2 10 11736 Size_experiment 10000 0.04004368961964794
10 10 1304 Size_experiment 10000 0.04364929930657056
10 10 0 Size_experiment 10000 0.0
10 10 2608 Size_experiment 10000 0.04389118103761319
10 10 3912 Size_experiment 10000 0.043720368073796693
10 10 5216 Size_experiment 10000 0.04401003702811508
0.0001 10 22168 Size_experiment 10000 0.027673980116555034
