0.1,0,10,0.020764473684934392,0.17533333333333334,0.03550635826611339,10000
0.1,1304,10,0.03344756289928993,0.22666666666666666,0.04289106845019933,11304
0.1,3913,10,0.022778933247368703,0.15133333333333332,0.03505702971275252,13913
0.1,6521,10,0.02120641702058557,0.15,0.031414330787707063,16521
0.1,5217,10,0.020460246137231634,0.16466666666666666,0.03351613352387276,15217
0.1,9130,10,0.022447180145197684,0.172,0.032950789427210914,19130
0.1,7826,10,0.02593438177882122,0.15466666666666667,0.03710904124454824,17826
0.0001,13043,10,0.025683083820250144,0.154,0.04153332757592699,23043
0.1,11739,10,0.021429363605869382,0.17066666666666666,0.03385363873611412,21739
0.1,2608,10,0.028662474094685125,0.16333333333333333,0.039100867014156535,12608
0.1,10434,10,0.0247663977643139,0.166,0.037366968351534184,20434
0.0001,14347,10,0.02563003995357628,0.15866666666666668,0.04338629566449813,24347
0.0001,20869,10,0.024514486006061226,0.15333333333333332,0.042260839723648184,30869
0.0001,16956,10,0.029346269138714142,0.144,0.045992799233853326,26956
0.0001,18260,10,0.025476465413090135,0.15,0.04280665895939414,28260
0.0001,15652,10,0.026014608444492947,0.16666666666666666,0.044951647087413844,25652
0.0001,19565,10,0.0264357823340098,0.14733333333333334,0.04374575056512617,29565
0.0001,22173,10,0.027922036777399545,0.144,0.04527671190941361,32173
0.0001,23478,10,0.026052782803485566,0.15533333333333332,0.04444125848737563,33478
0.0001,26086,10,0.02557883455792717,0.14266666666666666,0.044442423592077826,36086
0.1,13043,10,0.02835618756058314,0.152,0.037421426252637405,23043
0.0001,28695,10,0.024470127308707908,0.14933333333333335,0.04287597601738189,38695
0.0001,24782,10,0.02611429388621601,0.14466666666666667,0.046581558720573055,34782
0.0001,27391,10,0.025738437814037576,0.148,0.04487087670946493,37391
0.1,15652,10,0.0257610786962762,0.15,0.033822083812993196,25652
0.1,14347,10,0.024956030995487988,0.158,0.034848516245748466,24347
2.0,0,10,0.020764473684934392,0.17533333333333334,0.03550635826611339,10000
2.0,1304,10,0.02239401306359679,0.25866666666666666,0.03062196964092699,11304
0.0001,30000,10,0.02500777625254735,0.15333333333333332,0.04414092659958457,40000
2.0,2608,10,0.0288611795918709,0.30533333333333335,0.04032516257458755,12608
0.1,16956,10,0.027825021076728244,0.14466666666666667,0.03768367274157481,26956
2.0,3913,10,0.030593965177323684,0.22666666666666666,0.042407535896291045,13913
0.1,18260,10,0.023252097769227122,0.15066666666666667,0.03720097609775169,28260
0.1,20869,10,0.024009518990414404,0.14533333333333334,0.038839395311423754,30869
0.0,0,10,0.020764473684934392,0.17533333333333334,0.03550635826611339,10000
0.1,23478,10,0.023723360566832063,0.15266666666666667,0.03726021705189831,33478
0.1,22173,10,0.024764031552277712,0.14666666666666667,0.03936463870887681,32173
0.1,19565,10,0.024625421237089558,0.146,0.03843643246705716,29565
2.0,6521,10,0.03353764646035195,0.222,0.0490213316290394,16521
2.0,5217,10,0.03947929145106356,0.22,0.06171790547431107,15217
0.1,24782,10,0.022797862409385437,0.14933333333333335,0.03553042831430402,34782
2.0,9130,10,0.036634991385291193,0.22,0.05352948869327128,19130
2.0,7826,10,0.04459323214486198,0.22,0.0636865932506327,17826
2.0,10434,10,0.04010291065354685,0.21933333333333332,0.061958398235522384,20434
0.0,0,10,0.0247733618855097,0.126,0.03458396537675401,11304
0.1,28695,10,0.0253899939062085,0.16466666666666666,0.03832647953032341,38695
2.0,11739,10,0.046330725849507884,0.21933333333333332,0.06890367041565124,21739
2.0,13043,10,0.036088224236149755,0.23,0.057949001146092194,23043
0.1,30000,10,0.024553256663816272,0.154,0.037339825754714125,40000
2.0,14347,10,0.05409842538505447,0.23533333333333334,0.07618571402158589,24347
2.0,15652,10,0.04447669250421057,0.22866666666666666,0.06896770090961903,25652
0.0,0,10,0.03223392271942274,0.15733333333333333,0.037691682705562765,12608
2.0,16956,10,0.046719889558643445,0.23533333333333334,0.07568801602149998,26956
10.0,0,10,0.020764473684934392,0.17533333333333334,0.03550635826611339,10000
0.1,26086,10,0.023671446627554812,0.15533333333333332,0.03706854749894577,36086
0.1,27391,10,0.02255920988585531,0.162,0.036249326647374236,37391
10.0,1304,10,0.020498202950067518,0.20333333333333334,0.030214361839474208,11304
0.0,0,10,0.0249196173712872,0.15466666666666667,0.030046761732167252,13913
0.0,0,10,0.025300753946903762,0.14333333333333334,0.03170573437242588,15217
10.0,2608,10,0.022075387905895045,0.20733333333333334,0.030891533634131736,12608
10.0,3913,10,0.02399335202258283,0.23666666666666666,0.031379485198009885,13913
10.0,6521,10,0.019434539948762767,0.304,0.027153970322000436,16521
10.0,5217,10,0.020711233208544705,0.254,0.028614547521812157,15217
0.0,0,10,0.023047126200937653,0.158,0.026775673054102955,16521
2.0,22173,10,0.05764201570383261,0.23866666666666667,0.08738275012648176,32173
10.0,9130,10,0.020466773423537556,0.378,0.027458538294574793,19130
2.0,26086,10,0.060207741578556746,0.24333333333333335,0.08318668785964609,36086
2.0,27391,10,0.05987543100986188,0.22466666666666665,0.08587911451795668,37391
10.0,7826,10,0.02080787124756475,0.31666666666666665,0.027243881440519126,17826
2.0,24782,10,0.06481305068032635,0.22133333333333333,0.09284450860577433,34782
2.0,30000,10,0.05308541806903794,0.23733333333333334,0.08013860399202559,40000
2.0,18260,10,0.05802549141010526,0.228,0.08718916014674721,28260
10.0,13043,10,0.034651403753047864,0.43466666666666665,0.036286801635208185,23043
2.0,28695,10,0.0552475370457614,0.23466666666666666,0.0839340223329553,38695
10.0,10434,10,0.02287179124007979,0.39066666666666666,0.027537097885760954,20434
0.0,0,10,0.0359979108160028,0.15333333333333332,0.03354929948442073,17826
10.0,15652,10,0.03911807115085277,0.4593333333333333,0.04572506337731256,25652
2.0,19565,10,0.060229073506452846,0.23466666666666666,0.08993121161025773,29565
10.0,11739,10,0.022052793791783123,0.394,0.02978846818875358,21739
10.0,16956,10,0.04248073703585748,0.5026666666666667,0.05047765618439887,26956
2.0,20869,10,0.05299153200704268,0.23666666666666666,0.08525140858932885,30869
-0.1,0,10,0.020764473684934392,0.17533333333333334,0.03550635826611339,10000
10.0,19565,10,0.04973958527499545,0.506,0.05661081720285755,29565
10.0,14347,10,0.029629081909833245,0.44,0.03343054722705485,24347
10.0,18260,10,0.04967183943568326,0.5146666666666667,0.0532264938316828,28260
2.0,23478,10,0.058286652896241915,0.236,0.08783840828462243,33478
-0.1,2608,10,0.023482860982427974,0.15466666666666667,0.03718688958624884,12608
-0.1,1304,10,0.02139139212406315,0.15533333333333332,0.03435517318874646,11304
10.0,23478,10,0.0714487995668061,0.546,0.0931467767509949,33478
-0.1,3913,10,0.022790708682127032,0.14533333333333334,0.036650065837088186,13913
-0.1,5217,10,0.019282907273030843,0.13066666666666665,0.03355686928330455,15217
10.0,26086,10,0.07260121175711784,0.5673333333333334,0.09556663821833591,36086
10.0,24782,10,0.07633290059517638,0.5546666666666666,0.09890184331099991,34782
-0.1,6521,10,0.020311549084916804,0.15466666666666667,0.036580587570898014,16521
10.0,27391,10,0.06313052351028639,0.554,0.07617630730858178,37391
-0.1,9130,10,0.022078178078029902,0.15266666666666667,0.0361356726757224,19130
10.0,28695,10,0.06773504405031021,0.586,0.08690348537158736,38695
10.0,20869,10,0.0586633132194208,0.5406666666666666,0.0639892843908513,30869
0.0,0,10,0.02385779303312288,0.15133333333333332,0.025249919411573032,19130
-0.1,10434,10,0.018463388883691263,0.164,0.03413992074435619,20434
10.0,22173,10,0.06602449095587506,0.554,0.07823568982414322,32173
-0.1,7826,10,0.02292958054849849,0.144,0.03551697266239769,17826
10.0,30000,10,0.08090826620761873,0.5826666666666667,0.10643561783956286,40000
-0.1,13043,10,0.017524015740545348,0.16,0.03217209576106551,23043
-0.1,14347,10,0.017540826177846365,0.142,0.032939964050634284,24347
0.0,0,10,0.018760588594224425,0.15133333333333332,0.027742332527711574,20434
0.01,0,10,0.020764473684934392,0.17533333333333334,0.03550635826611339,10000
-0.1,11739,10,0.01672797328500573,0.146,0.031340867758922336,21739
0.01,1304,10,0.028016428651119207,0.21266666666666667,0.03851931534058531,11304
0.01,2608,10,0.025736707151112516,0.18666666666666668,0.039036777594879134,12608
-0.1,15652,10,0.01843961631755502,0.154,0.032593685403736396,25652
0.01,3913,10,0.03423790006480946,0.14933333333333335,0.04896028228497323,13913
0.0,0,10,0.02035668949992308,0.15533333333333332,0.029992276750048622,21739
-0.1,19565,10,0.01770372783698221,0.15266666666666667,0.03247020277185296,29565
-0.1,16956,10,0.01819495165938966,0.14866666666666667,0.03409671647685586,26956
0.01,6521,10,0.03758509280442805,0.17533333333333334,0.052809007162932166,16521
-0.1,20869,10,0.016861683284914226,0.148,0.03260392692245078,30869
0.01,5217,10,0.03661086029709922,0.18333333333333332,0.05346624283489802,15217
-0.1,18260,10,0.017385524928222915,0.16133333333333333,0.029792719206103057,28260
0.01,7826,10,0.03206615018280578,0.15733333333333333,0.05077565985831851,17826
0.01,10434,10,0.036037083383806366,0.176,0.054246215617283135,20434
0.01,9130,10,0.034640333166718544,0.17333333333333334,0.05594323680569185,19130
0.0,0,10,0.013546874545694186,0.142,0.024976282319737884,23043
-0.1,23478,10,0.018072682685821434,0.15466666666666667,0.03183991363485143,33478
-0.01,0,10,0.020764473684934392,0.17533333333333334,0.03550635826611339,10000
-0.1,26086,10,0.018517321292944516,0.142,0.0337371015959485,36086
-0.1,24782,10,0.017570604629828984,0.13933333333333334,0.03242047638308281,34782
0.01,11739,10,0.029983024672844034,0.16333333333333333,0.051581057503619174,21739
-0.1,27391,10,0.018045473046091574,0.14066666666666666,0.0343327741711526,37391
-0.01,1304,10,0.02276879877493915,0.188,0.03804037346875958,11304
0.01,19565,10,0.03738594229555456,0.17733333333333334,0.057120797228233336,29565
0.01,14347,10,0.03738170361096543,0.16733333333333333,0.055609541555778214,24347
-0.1,22173,10,0.017475151245094616,0.14333333333333334,0.03158716364218365,32173
-0.1,28695,10,0.01784310973889123,0.14733333333333334,0.0356129753436347,38695
0.0,0,10,0.014284927126814645,0.13933333333333334,0.025961772636146796,24347
-0.1,30000,10,0.01686660481207243,0.14866666666666667,0.033201190256707175,40000
0.01,20869,10,0.041261499311074465,0.16666666666666666,0.06383799675596656,30869
-0.01,5217,10,0.023955370184323768,0.166,0.03469099498935648,15217
-0.01,7826,10,0.021154571205810612,0.144,0.03177007903298734,17826
-0.01,6521,10,0.024218945505530557,0.144,0.034401191677753545,16521
0.01,16956,10,0.036921540985893175,0.17133333333333334,0.05880420484350036,26956
0.01,13043,10,0.040397064151348624,0.16066666666666668,0.05915099104953342,23043
-0.01,2608,10,0.0236181797046512,0.15533333333333332,0.03504492348307177,12608
0.01,18260,10,0.03899661430820373,0.18066666666666667,0.06150489206836147,28260
-0.01,9130,10,0.024001258804839703,0.138,0.03447167931268433,19130
0.01,26086,10,0.04121258324501736,0.16933333333333334,0.0636362298726228,36086
-0.01,3913,10,0.025600178354712,0.148,0.03350870692590905,13913
0.01,15652,10,0.036878964110546655,0.164,0.05992181640955612,25652
0.01,28695,10,0.04166820786579486,0.17,0.0661508167479362,38695
0.01,30000,10,0.04011472026203617,0.176,0.06389332089205377,40000
0.0,0,10,0.021075884276244822,0.13266666666666665,0.02763796636336207,25652
-0.01,13043,10,0.02380889088913541,0.14133333333333334,0.03478068176134853,23043
-0.01,15652,10,0.02063053547248863,0.15333333333333332,0.031735423894688204,25652
-0.01,10434,10,0.021676254522028246,0.14,0.03228345860238532,20434
-0.01,11739,10,0.02612233187763677,0.14533333333333334,0.03611995165163937,21739
-0.01,16956,10,0.015726580309541327,0.136,0.028041561740374227,26956
0.01,27391,10,0.03857841877770771,0.16866666666666666,0.06102642976508377,37391
0.0001,0,10,0.020764473684934392,0.17533333333333334,0.03550635826611339,10000
0.01,23478,10,0.040390103881749906,0.18333333333333332,0.061234272318458016,33478
-0.01,14347,10,0.02555588699385318,0.13533333333333333,0.03476362587431066,24347
0.0001,1304,10,0.024845474508213502,0.18333333333333332,0.03875846364373493,11304
0.0001,2608,10,0.04040812312820081,0.19733333333333333,0.04943412385381145,12608
0.01,24782,10,0.0407290523978052,0.17866666666666667,0.0638393494854584,34782
0.01,22173,10,0.04315184739998096,0.17466666666666666,0.06595350500354097,32173
-0.01,18260,10,0.01682067467606768,0.146,0.02780154467291775,28260
0.0001,5217,10,0.037375406784666165,0.2,0.05745985697635219,15217
0.0001,6521,10,0.03493939514413137,0.19866666666666666,0.055665743443279264,16521
-0.01,20869,10,0.014792467526526503,0.13866666666666666,0.02581222580262722,30869
-0.01,19565,10,0.01633250986750324,0.12466666666666666,0.02719680842034663,29565
0.0,0,10,0.015977285211048537,0.13333333333333333,0.024716581083619835,26956
-0.01,22173,10,0.015328272494132421,0.13733333333333334,0.02839730735627764,32173
-0.01,24782,10,0.015124792063671694,0.14266666666666666,0.02847322774149077,34782
0.0001,13043,10,0.025683083820250144,0.154,0.04153332757592699,23043
-0.01,26086,10,0.014304335959717859,0.128,0.026891641909431215,36086
0.0,0,10,0.020764473684934392,0.17533333333333334,0.03550635826611339,10000
0.0001,14347,10,0.02563003995357628,0.15866666666666668,0.04338629566449813,24347
0.0001,7826,10,0.0387399177190115,0.19333333333333333,0.06358442105522423,17826
0.0,0,10,0.03223392271942274,0.15733333333333333,0.037691682705562765,12608
0.0001,11739,10,0.026084093259113525,0.15866666666666668,0.04175349785695313,21739
0.0,0,10,0.0249196173712872,0.15466666666666667,0.030046761732167252,13913
0.0001,9130,10,0.036326718695441504,0.174,0.056669157891542886,19130
0.0,0,10,0.0247733618855097,0.126,0.03458396537675401,11304
0.0,0,10,0.01511196867989601,0.13733333333333334,0.026267347782372857,28260
0.0,0,10,0.025300753946903762,0.14333333333333334,0.03170573437242588,15217
0.0001,18260,10,0.025476465413090135,0.15,0.04280665895939414,28260
0.0,0,10,0.023047126200937653,0.158,0.026775673054102955,16521
0.0001,19565,10,0.0264357823340098,0.14733333333333334,0.04374575056512617,29565
-0.01,30000,10,0.015538528849180505,0.13933333333333334,0.029205758182821506,40000
-0.01,28695,10,0.013857692539891792,0.142,0.02731585167969502,38695
0.0,0,10,0.0359979108160028,0.15333333333333332,0.03354929948442073,17826
0.0,0,10,0.018760588594224425,0.15133333333333332,0.027742332527711574,20434
0.0,0,10,0.02385779303312288,0.15133333333333332,0.025249919411573032,19130
0.0,0,10,0.02035668949992308,0.15533333333333332,0.029992276750048622,21739
-0.01,23478,10,0.01679703963059786,0.136,0.028890840874418927,33478
0.0,0,10,0.026259279680213733,0.124,0.0252236937228467,30869
0.0,0,10,0.013546874545694186,0.142,0.024976282319737884,23043
0.0001,22173,10,0.027922036777399545,0.144,0.04527671190941361,32173
0.0,0,10,0.024327919776501877,0.13666666666666666,0.026737783034320037,29565
0.0001,10434,10,0.022712407408806333,0.152,0.03785883303797902,20434
0.0001,26086,10,0.02557883455792717,0.14266666666666666,0.044442423592077826,36086
0.0,0,10,0.014284927126814645,0.13933333333333334,0.025961772636146796,24347
0.0001,16956,10,0.029346269138714142,0.144,0.045992799233853326,26956
0.0001,20869,10,0.024514486006061226,0.15333333333333332,0.042260839723648184,30869
0.0001,24782,10,0.02611429388621601,0.14466666666666667,0.046581558720573055,34782
0.0001,30000,10,0.02500777625254735,0.15333333333333332,0.04414092659958457,40000
0.0,0,10,0.021075884276244822,0.13266666666666665,0.02763796636336207,25652
0.0001,27391,10,0.025738437814037576,0.148,0.04487087670946493,37391
0.0001,23478,10,0.026052782803485566,0.15533333333333332,0.04444125848737563,33478
0.0,0,10,0.015977285211048537,0.13333333333333333,0.024716581083619835,26956
0.0,0,10,0.01393821665383225,0.13533333333333333,0.023626445487955394,32173
0.0001,3913,10,0.030634380757869516,0.19333333333333333,0.04738130075504056,13913
0.0,0,10,0.01511196867989601,0.13733333333333334,0.026267347782372857,28260
0.0,0,10,0.026259279680213733,0.124,0.0252236937228467,30869
0.0001,15652,10,0.026014608444492947,0.16666666666666666,0.044951647087413844,25652
0.0001,28695,10,0.024470127308707908,0.14933333333333335,0.04287597601738189,38695
0.0,0,10,0.01393821665383225,0.13533333333333333,0.023626445487955394,32173
0.0,0,10,0.024327919776501877,0.13666666666666666,0.026737783034320037,29565
0.0,0,10,0.014139093828356023,0.12733333333333333,0.02425860727550705,33478
0.0,0,10,0.018068522989312535,0.11666666666666667,0.024096145467941348,34782
0.0,0,10,0.014139093828356023,0.12733333333333333,0.02425860727550705,33478
0.0,0,10,0.018068522989312535,0.11666666666666667,0.024096145467941348,34782
-0.01,27391,10,0.014948004892584136,0.136,0.02827710161727906,37391
0.0,0,10,0.014942151122850975,0.13133333333333333,0.026644573607474912,36086
0.0,0,10,0.015593731745463215,0.134,0.025704458391468024,37391
0.0,0,10,0.02091282653465011,0.13266666666666665,0.025433601480007523,38695
0.0,0,10,0.016466054547610524,0.128,0.025149462323958253,40000
0.0,0,10,0.015593731745463215,0.134,0.025704458391468024,37391
0.0,0,10,0.014942151122850975,0.13133333333333333,0.026644573607474912,36086
0.0,0,10,0.016466054547610524,0.128,0.025149462323958253,40000
0.0,0,10,0.02091282653465011,0.13266666666666665,0.025433601480007523,38695
