
0.1,0,10,0.015553044826525163,0.09666666666666666,0.03305042489837861,10000
0.1,1304,10,0.017334344208581088,0.12866666666666668,0.0378859775129382,11304
0.1,3913,10,0.015915421094631507,0.09,0.03412404207172076,13913
0.1,6521,10,0.01437445439523952,0.094,0.02826641506712677,16521
0.1,5217,10,0.01617770063163703,0.088,0.03373711759004643,15217
0.1,9130,10,0.015248995545643938,0.09333333333333334,0.032455878683599795,19130
0.1,7826,10,0.01616045600752512,0.10666666666666667,0.03286670105590938,17826
0.0001,13043,10,0.0172360128655195,0.10933333333333334,0.03528087496869844,23043
0.1,11739,10,0.015457956517969253,0.09333333333333334,0.032180527196437034,21739
0.1,2608,10,0.015960790011833186,0.108,0.03307335979433203,12608
0.1,10434,10,0.016515502876111872,0.11066666666666666,0.03471515056076807,20434
0.0001,14347,10,0.017907788964446298,0.11066666666666666,0.037282422820174924,24347
0.0001,20869,10,0.017811746838720905,0.11466666666666667,0.039046202907535146,30869
0.0001,16956,10,0.018630404174085295,0.126,0.039195229941632624,26956
0.0001,18260,10,0.017955485326900007,0.12066666666666667,0.037138236728751446,28260
0.0001,15652,10,0.018103318361016384,0.12533333333333332,0.038466044029619575,25652
0.0001,19565,10,0.017612918270524053,0.136,0.0371104098567423,29565
0.0001,22173,10,0.018281395509757832,0.11933333333333333,0.039090949302603345,32173
0.0001,23478,10,0.017925148919165097,0.11866666666666667,0.03802977826516939,33478
0.0001,26086,10,0.018042299248236474,0.11333333333333333,0.0388439986012865,36086
0.1,13043,10,0.015394319694981966,0.10333333333333333,0.03248536426408816,23043
0.0001,28695,10,0.01818798367342461,0.116,0.03884814775930953,38695
0.0001,24782,10,0.018708021765048214,0.10666666666666667,0.03975845731503056,34782
0.0001,27391,10,0.01835985534142085,0.118,0.039757815203654755,37391
0.1,15652,10,0.014947429347633798,0.09066666666666667,0.030520736781353232,25652
0.1,14347,10,0.015445627489459364,0.10333333333333333,0.031381463818829135,24347
2.0,0,10,0.015553044826525163,0.09666666666666666,0.03305042489837861,10000
2.0,1304,10,0.015771746729801216,0.098,0.033324492988837266,11304
0.0001,30000,10,0.018402774879355214,0.124,0.039127474401245435,40000
2.0,2608,10,0.01738936415082144,0.12666666666666668,0.03747600918577748,12608
0.1,16956,10,0.016063020855272885,0.10133333333333333,0.03327025311915138,26956
2.0,3913,10,0.01904887035354356,0.12666666666666668,0.038453784483038836,13913
0.1,18260,10,0.016213688361288767,0.09866666666666667,0.035345763581205544,28260
0.1,20869,10,0.01692415473000274,0.09133333333333334,0.03527197455464488,30869
0.0,0,10,0.015553044826525163,0.09666666666666666,0.03305042489837861,10000
0.1,23478,10,0.01735486760877156,0.098,0.03615089343108284,33478
0.1,22173,10,0.017055148070174844,0.09666666666666666,0.035637298513160935,32173
0.1,19565,10,0.017219395971418344,0.09533333333333334,0.035854161988267595,29565
2.0,6521,10,0.01919424759535811,0.152,0.0401003622688876,16521
2.0,5217,10,0.021541127888064174,0.2,0.04676172831031928,15217
0.1,24782,10,0.016843220395567474,0.088,0.03512571903038763,34782
2.0,9130,10,0.0200599711004713,0.148,0.04361975098479439,19130
2.0,7826,10,0.02126746193618039,0.18533333333333332,0.04731688369693221,17826
2.0,10434,10,0.021000241732906374,0.19733333333333333,0.04607948184451746,20434
0.0,0,10,0.015321309761005642,0.08866666666666667,0.03037056211719107,11304
0.1,28695,10,0.016844541648845916,0.10133333333333333,0.034129763671789555,38695
2.0,11739,10,0.022438213813325347,0.21066666666666667,0.05083379605750364,21739
2.0,13043,10,0.021583842908766544,0.184,0.04569779718433443,23043
0.1,30000,10,0.016279469813971447,0.098,0.03330614731743075,40000
2.0,14347,10,0.022887806663036202,0.23,0.05231414063374425,24347
2.0,15652,10,0.022842814362955124,0.21733333333333332,0.05081742441478434,25652
0.0,0,10,0.014481628167258596,0.096,0.030898575828349515,12608
2.0,16956,10,0.024263659454475898,0.242,0.05584963334307202,26956
10.0,0,10,0.015553044826525163,0.09666666666666666,0.03305042489837861,10000
0.1,26086,10,0.016820975716898477,0.10066666666666667,0.035292816075822124,36086
0.1,27391,10,0.016435756844659474,0.09733333333333333,0.03421841022345417,37391
10.0,1304,10,0.014874194598658522,0.084,0.03097213560441604,11304
0.0,0,10,0.015072580370197984,0.09266666666666666,0.028095975060065417,13913
0.0,0,10,0.015405280517145382,0.076,0.029119118263369843,15217
10.0,2608,10,0.014587112643359986,0.08133333333333333,0.029883993558213622,12608
10.0,3913,10,0.014881337364826311,0.08333333333333333,0.030832788036670482,13913
10.0,6521,10,0.014113725794895369,0.08533333333333333,0.029232058848488684,16521
10.0,5217,10,0.014524528986107406,0.082,0.029645775375498735,15217
0.0,0,10,0.014891462072587834,0.06866666666666667,0.029843727024585417,16521
2.0,22173,10,0.024471933704856185,0.28,0.056266905251007346,32173
10.0,9130,10,0.014251704901950888,0.1,0.02946327975634798,19130
2.0,26086,10,0.02400395497141939,0.2693333333333333,0.052737104197860915,36086
2.0,27391,10,0.023981410427959454,0.25733333333333336,0.05433482931906662,37391
10.0,7826,10,0.014431901425172654,0.09,0.029402152718778378,17826
2.0,24782,10,0.02419119770724433,0.28733333333333333,0.055783613308037466,34782
2.0,30000,10,0.024003997640683648,0.242,0.05589984798321187,40000
2.0,18260,10,0.024318836884827454,0.2733333333333333,0.05494873666345677,28260
10.0,13043,10,0.014784515781162343,0.102,0.031135103532453034,23043
2.0,28695,10,0.024415094645761446,0.25,0.05661059573942432,38695
10.0,10434,10,0.014406213686224014,0.096,0.028956332920685494,20434
0.0,0,10,0.01440904505608636,0.084,0.02915323165404304,17826
10.0,15652,10,0.015476602325983203,0.12866666666666668,0.03165423035758978,25652
2.0,19565,10,0.02419915870519664,0.2773333333333333,0.053743350423087886,29565
10.0,11739,10,0.014543329987894814,0.09666666666666666,0.030111105612982508,21739
10.0,16956,10,0.016171357048781324,0.142,0.034271173498727554,26956
2.0,20869,10,0.024608919803950937,0.278,0.05532164553771482,30869
-0.1,0,10,0.015553044826525163,0.09666666666666666,0.03305042489837861,10000
10.0,19565,10,0.01568062891351638,0.15266666666666667,0.03326122251422271,29565
10.0,14347,10,0.014679965666262694,0.102,0.03111950070551747,24347
10.0,18260,10,0.016156095190148365,0.174,0.03557820552069987,28260
2.0,23478,10,0.024386613202434796,0.2786666666666667,0.05754158190022984,33478
-0.1,2608,10,0.016035759302454797,0.08866666666666667,0.03378995138185388,12608
-0.1,1304,10,0.015620541947478242,0.088,0.03327532871426692,11304
10.0,23478,10,0.017111017714865985,0.23133333333333334,0.03713201092608425,33478
-0.1,3913,10,0.01568719154019818,0.088,0.03343255996117924,13913
-0.1,5217,10,0.015305060621970889,0.06933333333333333,0.03308443033154462,15217
10.0,26086,10,0.01699821055965747,0.228,0.036430665083555684,36086
10.0,24782,10,0.01730143897748613,0.2633333333333333,0.037678699679022605,34782
-0.1,6521,10,0.01684665323394302,0.07466666666666667,0.03563192833451169,16521
10.0,27391,10,0.016157403007660723,0.164,0.03408038290693606,37391
-0.1,9130,10,0.016426674156379537,0.07133333333333333,0.03484847740950985,19130
10.0,28695,10,0.01595620847549632,0.2,0.03371584449877363,38695
10.0,20869,10,0.015973854845664274,0.172,0.034492162081800795,30869
0.0,0,10,0.013286068526986838,0.07666666666666666,0.02568922913028207,19130
-0.1,10434,10,0.016243182436208987,0.074,0.03454413184292559,20434
10.0,22173,10,0.016002027153839245,0.188,0.03390860969973483,32173
-0.1,7826,10,0.01662639997845795,0.06466666666666666,0.03657540104238486,17826
10.0,30000,10,0.017206093724480048,0.24133333333333334,0.03734070329617421,40000
-0.1,13043,10,0.016432897940228508,0.07733333333333334,0.0349155121744692,23043
-0.1,14347,10,0.015614385396138625,0.074,0.03362046110490617,24347
0.0,0,10,0.014158831146619717,0.066,0.029585761372308377,20434
0.01,0,10,0.015553044826525163,0.09666666666666666,0.03305042489837861,10000
-0.1,11739,10,0.015471712139242654,0.06066666666666667,0.033315979934781546,21739
0.01,1304,10,0.016496280971354745,0.12333333333333334,0.035609030647033,11304
0.01,2608,10,0.016528174677435278,0.10266666666666667,0.03586944250753795,12608
-0.1,15652,10,0.01616407445470545,0.068,0.033653625122989084,25652
0.01,3913,10,0.017756388881469635,0.12533333333333332,0.04013046221197337,13913
0.0,0,10,0.015468228776309314,0.07266666666666667,0.03150664200573786,21739
-0.1,19565,10,0.016070734805369108,0.07333333333333333,0.03576243207434185,29565
-0.1,16956,10,0.016766338185350275,0.06666666666666667,0.03586378748360375,26956
0.01,6521,10,0.018323938853079296,0.13933333333333334,0.042194288406383826,16521
-0.1,20869,10,0.016076507106293388,0.06533333333333333,0.03462943683683877,30869
0.01,5217,10,0.018969528326157736,0.13866666666666666,0.042618691970060255,15217
-0.1,18260,10,0.015499772521115498,0.056,0.033360493693934234,28260
0.01,7826,10,0.01848180787699433,0.15,0.03897932843246546,17826
0.01,10434,10,0.019413291329779637,0.176,0.04265875564020617,20434
0.01,9130,10,0.019649982716324215,0.186,0.04237630141037611,19130
0.0,0,10,0.013711563969297349,0.054,0.02870779694490236,23043
-0.1,23478,10,0.01646456453993458,0.07133333333333333,0.03478681683339216,33478
-0.01,0,10,0.015553044826525163,0.09666666666666666,0.03305042489837861,10000
-0.1,26086,10,0.01690286346272234,0.06666666666666667,0.03558845522126084,36086
-0.1,24782,10,0.016463750749939686,0.068,0.03481786645304868,34782
0.01,11739,10,0.019365817845631725,0.14866666666666667,0.04157368068539747,21739
-0.1,27391,10,0.01746736900649381,0.06,0.037181401751849405,37391
-0.01,1304,10,0.01641650598175718,0.09666666666666666,0.034569860267921054,11304
0.01,19565,10,0.020112699013334828,0.18466666666666667,0.04385328669024616,29565
0.01,14347,10,0.019586311307633168,0.16866666666666666,0.04194688822054741,24347
-0.1,22173,10,0.01573985141869267,0.06933333333333333,0.03253475273444027,32173
-0.1,28695,10,0.01749865042083133,0.06866666666666667,0.036699327507023434,38695
0.0,0,10,0.014389175855077613,0.05466666666666667,0.028958154283971124,24347
-0.1,30000,10,0.016909051071528198,0.06066666666666667,0.03550732614652052,40000
0.01,20869,10,0.02054724894334294,0.20666666666666667,0.04555074935033111,30869
-0.01,5217,10,0.014793782716761827,0.078,0.03191309664402212,15217
-0.01,7826,10,0.014546936893674015,0.076,0.029988253189034485,17826
-0.01,6521,10,0.015605682713345235,0.074,0.033716417930264524,16521
0.01,16956,10,0.020328443043381307,0.18266666666666667,0.04365778173367411,26956
0.01,13043,10,0.01973245525884881,0.174,0.04155738701602751,23043
-0.01,2608,10,0.015695694247758924,0.09266666666666666,0.03286263358323314,12608
0.01,18260,10,0.02081430499803067,0.186,0.04444011657726388,28260
-0.01,9130,10,0.016125257279702633,0.07066666666666667,0.03412736295993508,19130
0.01,26086,10,0.020668622064013153,0.20933333333333334,0.04597219486071495,36086
-0.01,3913,10,0.014645458482983329,0.07133333333333333,0.03194841548421757,13913
0.01,15652,10,0.0203507639750708,0.18133333333333335,0.04398831225752723,25652
0.01,28695,10,0.021081192931096174,0.20866666666666667,0.04624584362680505,38695
0.01,30000,10,0.02051845642682608,0.20533333333333334,0.04489363986817747,40000
0.0,0,10,0.015575872191033917,0.054,0.030428798447792463,25652
-0.01,13043,10,0.015622393379698648,0.07,0.034431156942007865,23043
-0.01,15652,10,0.014658324892082138,0.06266666666666666,0.03125593087581694,25652
-0.01,10434,10,0.015386853051722799,0.06933333333333333,0.031832956674731946,20434
-0.01,11739,10,0.015779717251996412,0.06933333333333333,0.03419328884325968,21739
-0.01,16956,10,0.014608521210942145,0.058,0.030191730059031557,26956
0.01,27391,10,0.020249102897107855,0.194,0.04396089562780574,37391
0.0001,0,10,0.015553044826525163,0.09666666666666666,0.03305042489837861,10000
0.01,23478,10,0.020348060134565762,0.20133333333333334,0.04556777921652918,33478
-0.01,14347,10,0.015208288191127508,0.07266666666666667,0.032755622844440134,24347
0.0001,1304,10,0.015507828078690158,0.12,0.03255456052323468,11304
0.0001,2608,10,0.017154453589362854,0.13066666666666665,0.03600425851445038,12608
0.01,24782,10,0.021193689453304132,0.20133333333333334,0.04665593903468431,34782
0.01,22173,10,0.021152371768406026,0.21666666666666667,0.04684087082016864,32173
-0.01,18260,10,0.014403401972528847,0.05466666666666667,0.03034654166013332,28260
0.0001,5217,10,0.0186121871447679,0.144,0.0428574367372453,15217
0.0001,6521,10,0.019179227640857822,0.15266666666666667,0.04437854591455936,16521
-0.01,20869,10,0.013736015133937894,0.04733333333333333,0.029011695705965516,30869
-0.01,19565,10,0.014396792701782303,0.043333333333333335,0.03004790521080526,29565
0.0,0,10,0.014907304486656446,0.050666666666666665,0.028242901575617575,26956
-0.01,22173,10,0.014577711481046932,0.05533333333333333,0.029868998368081004,32173
-0.01,24782,10,0.014564887807880789,0.04933333333333333,0.030288759338329845,34782
0.0001,13043,10,0.0172360128655195,0.10933333333333334,0.03528087496869844,23043
-0.01,26086,10,0.013744686414004345,0.058,0.028716048550712216,36086
0.0,0,10,0.015553044826525163,0.09666666666666666,0.03305042489837861,10000
0.0001,14347,10,0.017907788964446298,0.11066666666666666,0.037282422820174924,24347
0.0001,7826,10,0.020513276283117388,0.18333333333333332,0.04780521376048529,17826
0.0,0,10,0.014481628167258596,0.096,0.030898575828349515,12608
0.0001,11739,10,0.017321036699414673,0.11533333333333333,0.03714041370257768,21739
0.0,0,10,0.015072580370197984,0.09266666666666666,0.028095975060065417,13913
0.0001,9130,10,0.019416899430138353,0.152,0.04360816860990791,19130
0.0,0,10,0.015321309761005642,0.08866666666666667,0.03037056211719107,11304
0.0,0,10,0.014116849426905859,0.04733333333333333,0.029895903610882596,28260
0.0,0,10,0.015405280517145382,0.076,0.029119118263369843,15217
0.0001,18260,10,0.017955485326900007,0.12066666666666667,0.037138236728751446,28260
0.0,0,10,0.014891462072587834,0.06866666666666667,0.029843727024585417,16521
0.0001,19565,10,0.017612918270524053,0.136,0.0371104098567423,29565
-0.01,30000,10,0.014529667460273715,0.052,0.029978383065636747,40000
-0.01,28695,10,0.014727552550217354,0.050666666666666665,0.030131113805373023,38695
0.0,0,10,0.01440904505608636,0.084,0.02915323165404304,17826
0.0,0,10,0.014158831146619717,0.066,0.029585761372308377,20434
0.0,0,10,0.013286068526986838,0.07666666666666666,0.02568922913028207,19130
0.0,0,10,0.015468228776309314,0.07266666666666667,0.03150664200573786,21739
-0.01,23478,10,0.01504933029383374,0.04533333333333334,0.03107733175791889,33478
0.0,0,10,0.014203307711182096,0.058,0.02705040141969609,30869
0.0,0,10,0.013711563969297349,0.054,0.02870779694490236,23043
0.0001,22173,10,0.018281395509757832,0.11933333333333333,0.039090949302603345,32173
0.0,0,10,0.014896700500160771,0.07,0.02803741832445364,29565
0.0001,10434,10,0.016828252338033894,0.10333333333333333,0.03618483951325104,20434
0.0001,26086,10,0.018042299248236474,0.11333333333333333,0.0388439986012865,36086
0.0,0,10,0.014389175855077613,0.05466666666666667,0.028958154283971124,24347
0.0001,16956,10,0.018630404174085295,0.126,0.039195229941632624,26956
0.0001,20869,10,0.017811746838720905,0.11466666666666667,0.039046202907535146,30869
0.0001,24782,10,0.018708021765048214,0.10666666666666667,0.03975845731503056,34782
0.0001,30000,10,0.018402774879355214,0.124,0.039127474401245435,40000
0.0,0,10,0.015575872191033917,0.054,0.030428798447792463,25652
0.0001,27391,10,0.01835985534142085,0.118,0.039757815203654755,37391
0.0001,23478,10,0.017925148919165097,0.11866666666666667,0.03802977826516939,33478
0.0,0,10,0.014907304486656446,0.050666666666666665,0.028242901575617575,26956
0.0,0,10,0.014415036413887524,0.06266666666666666,0.02742718988345687,32173
0.0001,3913,10,0.018064333133148338,0.13266666666666665,0.040541090621444995,13913
0.0,0,10,0.014116849426905859,0.04733333333333333,0.029895903610882596,28260
0.0,0,10,0.014203307711182096,0.058,0.02705040141969609,30869
0.0001,15652,10,0.018103318361016384,0.12533333333333332,0.038466044029619575,25652
0.0001,28695,10,0.01818798367342461,0.116,0.03884814775930953,38695
0.0,0,10,0.014415036413887524,0.06266666666666666,0.02742718988345687,32173
0.0,0,10,0.014896700500160771,0.07,0.02803741832445364,29565
0.0,0,10,0.013395910640057847,0.048,0.027401757575768383,33478
0.0,0,10,0.013693682704654174,0.056666666666666664,0.027721938965609774,34782
0.0,0,10,0.013395910640057847,0.048,0.027401757575768383,33478
0.0,0,10,0.013693682704654174,0.056666666666666664,0.027721938965609774,34782
-0.01,27391,10,0.014893215198105849,0.056666666666666664,0.031231951116538568,37391
0.0,0,10,0.0141231755172968,0.05,0.02926224907358051,36086
0.0,0,10,0.014352247233242304,0.04,0.028522795750915503,37391
0.0,0,10,0.014004111597418335,0.054,0.027638823605915516,38695
0.0,0,10,0.014832647945429761,0.058666666666666666,0.028994176188247,40000
0.0,0,10,0.014352247233242304,0.04,0.028522795750915503,37391
0.0,0,10,0.0141231755172968,0.05,0.02926224907358051,36086
0.0,0,10,0.014832647945429761,0.058666666666666666,0.028994176188247,40000
0.0,0,10,0.014004111597418335,0.054,0.027638823605915516,38695
