0.1,0,10,0.06120295864519033,0.13466666666666666,0.07886881497214418,10000
0.1,1304,10,0.07103263495759023,0.2,0.06928117131351658,11304
0.1,3913,10,0.03893982540734039,0.10933333333333334,0.04798925421955488,13913
0.1,6521,10,0.043176193661079346,0.098,0.06036462286595869,16521
0.1,5217,10,0.03904336775408498,0.10466666666666667,0.04609769577500081,15217
0.1,9130,10,0.05958736507131581,0.11133333333333334,0.06255583017417687,19130
0.1,7826,10,0.049534149784219154,0.10666666666666667,0.07105660322346324,17826
0.0001,13043,10,0.0440079121357124,0.09333333333333334,0.06136490558695672,23043
0.1,11739,10,0.047915496848826414,0.106,0.05351942645995578,21739
0.1,2608,10,0.04460438101241893,0.114,0.05828490931227673,12608
0.1,10434,10,0.07002065844298852,0.11066666666666666,0.0836524046544066,20434
0.0001,14347,10,0.03517050293264538,0.1,0.05368021613704778,24347
0.0001,20869,10,0.031472637302406584,0.11,0.04883686147225531,30869
0.0001,16956,10,0.04761827080317473,0.096,0.05911073926357375,26956
0.0001,18260,10,0.042077309646207456,0.102,0.05511568090581803,28260
0.0001,15652,10,0.03612950273651376,0.1,0.05436778695529343,25652
0.0001,19565,10,0.03918865827740027,0.09733333333333333,0.052220664796512266,29565
0.0001,22173,10,0.0415106573040125,0.1,0.05483293990892149,32173
0.0001,23478,10,0.03701553660433186,0.096,0.05373776333095905,33478
0.0001,26086,10,0.03079325009487983,0.09866666666666667,0.051478885666429386,36086
0.1,13043,10,0.04055204480387146,0.09733333333333333,0.048768658747847665,23043
0.0001,28695,10,0.03293044053136646,0.09866666666666667,0.05269453637237984,38695
0.0001,24782,10,0.03239453185068652,0.09733333333333333,0.054529334689057504,34782
0.0001,27391,10,0.03510646534826149,0.09333333333333334,0.05418556331584412,37391
0.1,15652,10,0.04934519327353818,0.1,0.051078079554068026,25652
0.1,14347,10,0.0389101910743366,0.1,0.04808811725278687,24347
2.0,0,10,0.06120295864519033,0.13466666666666666,0.07886881497214418,10000
2.0,1304,10,0.03678571875361082,0.21733333333333332,0.04934438880947272,11304
0.0001,30000,10,0.028915663948270567,0.09266666666666666,0.05190649472803011,40000
2.0,2608,10,0.04355498339113542,0.2773333333333333,0.05401783485414056,12608
0.1,16956,10,0.04389563627403051,0.09,0.06139325160387252,26956
2.0,3913,10,0.04740667763056429,0.21466666666666667,0.0654901336809426,13913
0.1,18260,10,0.033961638192517025,0.08466666666666667,0.04634300406878401,28260
0.1,20869,10,0.038325277936147324,0.08866666666666667,0.053631998561344194,30869
0.0,0,10,0.06120295864519033,0.13466666666666666,0.07886881497214418,10000
0.1,23478,10,0.04273057169509483,0.10066666666666667,0.06748999234850324,33478
0.1,22173,10,0.03443261506687773,0.07533333333333334,0.0487997435749274,32173
0.1,19565,10,0.030425780050993202,0.09466666666666666,0.04545572458846858,29565
2.0,6521,10,0.04890273256158415,0.22533333333333333,0.07537444557918971,16521
2.0,5217,10,0.051785325565083945,0.20333333333333334,0.08135044376540458,15217
0.1,24782,10,0.030232202391098143,0.08266666666666667,0.04502452347576375,34782
2.0,9130,10,0.04398217685828103,0.23333333333333334,0.06546121519971848,19130
2.0,7826,10,0.06821198155060684,0.19866666666666666,0.08443264802710042,17826
2.0,10434,10,0.0577108064457215,0.20533333333333334,0.07528191417596859,20434
0.0,0,10,0.034416439861058926,0.09933333333333333,0.046440012944046295,11304
0.1,28695,10,0.04242161230018034,0.1,0.0509308005477021,38695
2.0,11739,10,0.05504805927132426,0.192,0.0844777645251913,21739
2.0,13043,10,0.06294392965666569,0.20066666666666666,0.07644381449297101,23043
0.1,30000,10,0.03672083734656642,0.10066666666666667,0.04611967100177875,40000
2.0,14347,10,0.06937022668428659,0.20666666666666667,0.08775051329885095,24347
2.0,15652,10,0.07038922991415873,0.18933333333333333,0.08784789416661228,25652
0.0,0,10,0.05293582255206739,0.09266666666666666,0.05158565856952989,12608
2.0,16956,10,0.06777679865607981,0.21733333333333332,0.08828332197637945,26956
10.0,0,10,0.06120295864519033,0.13466666666666666,0.07886881497214418,10000
0.1,26086,10,0.049985891113090715,0.086,0.06139329413219967,36086
0.1,27391,10,0.04755172385690448,0.088,0.055909898506476624,37391
10.0,1304,10,0.037626133642909725,0.12266666666666666,0.04766887532093691,11304
0.0,0,10,0.043633488909346416,0.116,0.04501557251388705,13913
0.0,0,10,0.05957839423066917,0.08733333333333333,0.06045972491245175,15217
10.0,2608,10,0.03103783410242604,0.12,0.0394313576735575,12608
10.0,3913,10,0.03122329537569179,0.16,0.03616291064082861,13913
10.0,6521,10,0.030911167583398055,0.20333333333333334,0.038361873356741114,16521
10.0,5217,10,0.03418768882610503,0.162,0.04486783570467552,15217
0.0,0,10,0.05260789466703026,0.09666666666666666,0.05605355677371761,16521
2.0,22173,10,0.07181653428786328,0.20066666666666666,0.0961166365609613,32173
10.0,9130,10,0.03512870931879096,0.26866666666666666,0.05275048296417639,19130
2.0,26086,10,0.08064506551683334,0.194,0.0964418516763448,36086
2.0,27391,10,0.07482608651160605,0.19933333333333333,0.09693056476801666,37391
10.0,7826,10,0.035348840479792025,0.212,0.04366122082380037,17826
2.0,24782,10,0.07916334933090582,0.16866666666666666,0.09957570177049184,34782
2.0,30000,10,0.06207407394559479,0.20466666666666666,0.09174899530898262,40000
2.0,18260,10,0.07511831435813575,0.20533333333333334,0.09627335053444032,28260
10.0,13043,10,0.04320145514478954,0.2826666666666667,0.04555660996391274,23043
2.0,28695,10,0.06468430314937486,0.18666666666666668,0.09772422260187484,38695
10.0,10434,10,0.04222151378943821,0.228,0.041921229871239044,20434
0.0,0,10,0.06296049656038422,0.09266666666666666,0.057619928317913224,17826
10.0,15652,10,0.05614526553179989,0.32866666666666666,0.0586401098317883,25652
2.0,19565,10,0.07888670386972733,0.20666666666666667,0.10639541444656808,29565
10.0,11739,10,0.04165711924057183,0.23,0.04689877239871781,21739
10.0,16956,10,0.055447642110196205,0.36,0.05934695944962745,26956
2.0,20869,10,0.07133837668219528,0.204,0.09547834775411805,30869
-0.1,0,10,0.06120295864519033,0.13466666666666666,0.07886881497214418,10000
10.0,19565,10,0.059893336678025995,0.37066666666666664,0.07780379307358984,29565
10.0,14347,10,0.04440032932102835,0.2753333333333333,0.04524258266170798,24347
10.0,18260,10,0.06398293435279909,0.376,0.06832025628915778,28260
2.0,23478,10,0.07102463853901418,0.18733333333333332,0.09976856929475848,33478
-0.1,2608,10,0.07869273460115214,0.09266666666666666,0.1502122778115577,12608
-0.1,1304,10,0.06761635533561108,0.10333333333333333,0.07806706801616928,11304
10.0,23478,10,0.07888253601858713,0.4766666666666667,0.10994691172670479,33478
-0.1,3913,10,0.052864586667387053,0.07533333333333334,0.09984175706676722,13913
-0.1,5217,10,0.03890482633738284,0.094,0.08828699737407304,15217
10.0,26086,10,0.07611144895307645,0.476,0.09874297055288324,36086
10.0,24782,10,0.09138026449816607,0.494,0.10310696141921634,34782
-0.1,6521,10,0.04961827794138979,0.08,0.09258271582707314,16521
10.0,27391,10,0.06754988723789948,0.41533333333333333,0.0936059848799538,37391
-0.1,9130,10,0.05880730560879876,0.09066666666666667,0.099173056284663,19130
10.0,28695,10,0.07842015842946023,0.4666666666666667,0.09870555649712529,38695
10.0,20869,10,0.07278858906469834,0.41533333333333333,0.09702464675995777,30869
0.0,0,10,0.039286110936367045,0.11,0.03862549171184177,19130
-0.1,10434,10,0.04068263883973535,0.08466666666666667,0.04771073126564863,20434
10.0,22173,10,0.07100391768809704,0.4646666666666667,0.0828229068643751,32173
-0.1,7826,10,0.04219109947979432,0.09333333333333334,0.047174033996280076,17826
10.0,30000,10,0.07871280023472613,0.49,0.09367755430360954,40000
-0.1,13043,10,0.04445974039551838,0.10266666666666667,0.04790423718767736,23043
-0.1,14347,10,0.031705970429097396,0.09866666666666667,0.042516469440458136,24347
0.0,0,10,0.05821431068851779,0.084,0.06356835006100017,20434
0.01,0,10,0.06120295864519033,0.13466666666666666,0.07886881497214418,10000
-0.1,11739,10,0.04505610372335593,0.08866666666666667,0.04535335980804911,21739
0.01,1304,10,0.06227158613993318,0.19266666666666668,0.062147698595368714,11304
0.01,2608,10,0.047074953904062765,0.17866666666666667,0.05618530571864494,12608
-0.1,15652,10,0.03635884858228102,0.09266666666666666,0.04792125078802163,25652
0.01,3913,10,0.05546597413664222,0.09533333333333334,0.07155899820857739,13913
0.0,0,10,0.04141246509036804,0.08666666666666667,0.05109535579515913,21739
-0.1,19565,10,0.02504786129244093,0.09,0.042388195968621714,29565
-0.1,16956,10,0.025759723336614117,0.08666666666666667,0.03999179937793469,26956
0.01,6521,10,0.07424254301372862,0.12466666666666666,0.07550274076059017,16521
-0.1,20869,10,0.027395970004285373,0.084,0.040263049834955954,30869
0.01,5217,10,0.0745975942116976,0.132,0.0953110806045427,15217
-0.1,18260,10,0.02449918503722935,0.08333333333333333,0.03687889633875925,28260
0.01,7826,10,0.05647297639604236,0.12133333333333333,0.0714477537458137,17826
0.01,10434,10,0.07240857612781022,0.122,0.10171858206989388,20434
0.01,9130,10,0.06050635469184612,0.12933333333333333,0.06977124742982632,19130
0.0,0,10,0.030922864946582328,0.08333333333333333,0.03383241701340918,23043
-0.1,23478,10,0.02416260668497762,0.092,0.03947303719793231,33478
-0.01,0,10,0.06120295864519033,0.13466666666666666,0.07886881497214418,10000
-0.1,26086,10,0.021444940073179666,0.08933333333333333,0.03996625889074661,36086
-0.1,24782,10,0.02213296887424612,0.09,0.04035957179561245,34782
0.01,11739,10,0.05205623096588505,0.13133333333333333,0.06344179471827786,21739
-0.1,27391,10,0.024531082713921053,0.09066666666666667,0.041974985878050874,37391
-0.01,1304,10,0.06142017834484597,0.11666666666666667,0.06230482176655723,11304
0.01,19565,10,0.0535045459353247,0.12533333333333332,0.07143148345949915,29565
0.01,14347,10,0.05143968869814761,0.12,0.06868886404326865,24347
-0.1,22173,10,0.03021382763305072,0.084,0.04032487127148536,32173
-0.1,28695,10,0.024692524667925868,0.09733333333333333,0.043568994111607535,38695
0.0,0,10,0.019070152913267715,0.07333333333333333,0.03286632263483394,24347
-0.1,30000,10,0.02574484925073103,0.09133333333333334,0.03995183590725054,40000
0.01,20869,10,0.05544169913676564,0.11733333333333333,0.07735378098607322,30869
-0.01,5217,10,0.061754954062149175,0.11333333333333333,0.06178070542760764,15217
-0.01,7826,10,0.035667909462321276,0.07666666666666666,0.048488960666029764,17826
-0.01,6521,10,0.03041016445988478,0.10066666666666667,0.040679998157677116,16521
0.01,16956,10,0.05346673138313742,0.12266666666666666,0.07137556886472524,26956
0.01,13043,10,0.06832578240256744,0.11066666666666666,0.08900069603889056,23043
-0.01,2608,10,0.044021736780977615,0.09933333333333333,0.0490418237677,12608
0.01,18260,10,0.04951009413265627,0.11466666666666667,0.07237028911405123,28260
-0.01,9130,10,0.029938495872748983,0.08133333333333333,0.04496542296445525,19130
0.01,26086,10,0.051821069186709305,0.11333333333333333,0.07642014620075152,36086
-0.01,3913,10,0.041356166675431814,0.07933333333333334,0.04921656495472158,13913
0.01,15652,10,0.052089060859904536,0.106,0.07039930126948953,25652
0.01,28695,10,0.05217444917907255,0.12666666666666668,0.07698358188951596,38695
0.01,30000,10,0.048536423205513254,0.11733333333333333,0.07227301370333676,40000
0.0,0,10,0.026382892832834105,0.06866666666666667,0.03358075029367026,25652
-0.01,13043,10,0.040186045323176274,0.08466666666666667,0.04510308586300036,23043
-0.01,15652,10,0.025357123366285577,0.08866666666666667,0.03670162057773028,25652
-0.01,10434,10,0.04343140410497539,0.09066666666666667,0.04136682429160737,20434
-0.01,11739,10,0.02752960852163624,0.08933333333333333,0.039916761725979064,21739
-0.01,16956,10,0.02342924362891956,0.09533333333333334,0.03333684317048763,26956
0.01,27391,10,0.05318674371135922,0.12,0.07455920654997898,37391
0.0001,0,10,0.06120295864519033,0.13466666666666666,0.07886881497214418,10000
0.01,23478,10,0.04531087369678372,0.134,0.07046295219654115,33478
-0.01,14347,10,0.037818547348190026,0.07666666666666666,0.04265125004755181,24347
0.0001,1304,10,0.05994633331199752,0.158,0.06436102790375477,11304
0.0001,2608,10,0.10524168364799277,0.14466666666666667,0.10289883986916443,12608
0.01,24782,10,0.04704164590027123,0.136,0.07246220203555381,34782
0.01,22173,10,0.05340207780239271,0.11933333333333333,0.07551580276829464,32173
-0.01,18260,10,0.03988647392747389,0.07933333333333334,0.07415353126273223,28260
0.0001,5217,10,0.08226663193734143,0.14066666666666666,0.09424016562124497,15217
0.0001,6521,10,0.06074104994448377,0.13733333333333334,0.08211314567496546,16521
-0.01,20869,10,0.01872986093230289,0.086,0.030522274376334455,30869
-0.01,19565,10,0.028438056355648424,0.066,0.03403413068950024,29565
0.0,0,10,0.02378364044087853,0.06666666666666667,0.03979115641539916,26956
-0.01,22173,10,0.028397468348241025,0.072,0.038254368726278805,32173
-0.01,24782,10,0.02895247849388438,0.076,0.036596796962523936,34782
0.0001,13043,10,0.0440079121357124,0.09333333333333334,0.06136490558695672,23043
-0.01,26086,10,0.02661692688077888,0.07733333333333334,0.0345627332852364,36086
0.0,0,10,0.06120295864519033,0.13466666666666666,0.07886881497214418,10000
0.0001,14347,10,0.03517050293264538,0.1,0.05368021613704778,24347
0.0001,7826,10,0.06871995877646088,0.13133333333333333,0.08579877425120933,17826
0.0,0,10,0.05293582255206739,0.09266666666666666,0.05158565856952989,12608
0.0001,11739,10,0.04278785078449356,0.104,0.056734188328765596,21739
0.0,0,10,0.043633488909346416,0.116,0.04501557251388705,13913
0.0001,9130,10,0.051444943390313476,0.12533333333333332,0.07701452120277044,19130
0.0,0,10,0.034416439861058926,0.09933333333333333,0.046440012944046295,11304
0.0,0,10,0.020927578041838694,0.08333333333333333,0.03261648229252592,28260
0.0,0,10,0.05957839423066917,0.08733333333333333,0.06045972491245175,15217
0.0001,18260,10,0.042077309646207456,0.102,0.05511568090581803,28260
0.0,0,10,0.05260789466703026,0.09666666666666666,0.05605355677371761,16521
0.0001,19565,10,0.03918865827740027,0.09733333333333333,0.052220664796512266,29565
-0.01,30000,10,0.026625824921301625,0.082,0.035563517547880806,40000
-0.01,28695,10,0.029017528618698572,0.08933333333333333,0.035817639000671614,38695
0.0,0,10,0.06296049656038422,0.09266666666666666,0.057619928317913224,17826
0.0,0,10,0.05821431068851779,0.084,0.06356835006100017,20434
0.0,0,10,0.039286110936367045,0.11,0.03862549171184177,19130
0.0,0,10,0.04141246509036804,0.08666666666666667,0.05109535579515913,21739
-0.01,23478,10,0.022518740705937807,0.078,0.0347446306137364,33478
0.0,0,10,0.033606610753220315,0.08733333333333333,0.033678619607438516,30869
0.0,0,10,0.030922864946582328,0.08333333333333333,0.03383241701340918,23043
0.0001,22173,10,0.0415106573040125,0.1,0.05483293990892149,32173
0.0,0,10,0.04052164999025074,0.06866666666666667,0.03988656083065004,29565
0.0001,10434,10,0.03634099418797213,0.09533333333333334,0.05091330550265762,20434
0.0001,26086,10,0.03079325009487983,0.09866666666666667,0.051478885666429386,36086
0.0,0,10,0.019070152913267715,0.07333333333333333,0.03286632263483394,24347
0.0001,16956,10,0.04761827080317473,0.096,0.05911073926357375,26956
0.0001,20869,10,0.031472637302406584,0.11,0.04883686147225531,30869
0.0001,24782,10,0.03239453185068652,0.09733333333333333,0.054529334689057504,34782
0.0001,30000,10,0.028915663948270567,0.09266666666666666,0.05190649472803011,40000
0.0,0,10,0.026382892832834105,0.06866666666666667,0.03358075029367026,25652
0.0001,27391,10,0.03510646534826149,0.09333333333333334,0.05418556331584412,37391
0.0001,23478,10,0.03701553660433186,0.096,0.05373776333095905,33478
0.0,0,10,0.02378364044087853,0.06666666666666667,0.03979115641539916,26956
0.0,0,10,0.03693633398396709,0.08,0.036449716678373795,32173
0.0001,3913,10,0.03998543712191354,0.14533333333333334,0.06268864695847014,13913
0.0,0,10,0.020927578041838694,0.08333333333333333,0.03261648229252592,28260
0.0,0,10,0.033606610753220315,0.08733333333333333,0.033678619607438516,30869
0.0001,15652,10,0.03612950273651376,0.1,0.05436778695529343,25652
0.0001,28695,10,0.03293044053136646,0.09866666666666667,0.05269453637237984,38695
0.0,0,10,0.03693633398396709,0.08,0.036449716678373795,32173
0.0,0,10,0.04052164999025074,0.06866666666666667,0.03988656083065004,29565
0.0,0,10,0.029004715388109233,0.08,0.033148697448472306,33478
0.0,0,10,0.0247869910456355,0.07066666666666667,0.03473261045594864,34782
0.0,0,10,0.029004715388109233,0.08,0.033148697448472306,33478
0.0,0,10,0.0247869910456355,0.07066666666666667,0.03473261045594864,34782
-0.01,27391,10,0.02677707582974546,0.07733333333333334,0.03596999022169591,37391
0.0,0,10,0.022836412719276073,0.08066666666666666,0.032823802416181706,36086
0.0,0,10,0.021847964532435763,0.07,0.030709509537122887,37391
0.0,0,10,0.024729033947092978,0.08,0.03184647956855813,38695
0.0,0,10,0.026346593256959292,0.082,0.03251339714819039,40000
0.0,0,10,0.021847964532435763,0.07,0.030709509537122887,37391
0.0,0,10,0.022836412719276073,0.08066666666666666,0.032823802416181706,36086
0.0,0,10,0.026346593256959292,0.082,0.03251339714819039,40000
0.0,0,10,0.024729033947092978,0.08,0.03184647956855813,38695
