0.1,0,10,0.042108337938425076,0.128,0.06014333503749465,10000
0.1,1304,10,0.06394400259105566,0.16933333333333334,0.07932325341823479,11304
0.1,3913,10,0.037902546152446724,0.10866666666666666,0.04203276531877535,13913
0.1,6521,10,0.0309790092709195,0.104,0.043885478267038536,16521
0.1,5217,10,0.031028700725431665,0.08533333333333333,0.04411630387855284,15217
0.1,9130,10,0.061211899489635485,0.08133333333333333,0.07660295967449916,19130
0.1,7826,10,0.04907440222765805,0.09733333333333333,0.06444300202488491,17826
0.0001,13043,10,0.047519908094131966,0.06066666666666667,0.0634761101826864,23043
0.1,11739,10,0.045290302394466214,0.088,0.05160115563795958,21739
0.1,2608,10,0.04776465781867715,0.11466666666666667,0.04886828220942703,12608
0.1,10434,10,0.06170763494659671,0.07733333333333334,0.06941250630154526,20434
0.0001,14347,10,0.04769754956827719,0.05533333333333333,0.06479029606899668,24347
0.0001,20869,10,0.035854957985412536,0.058,0.05503330084702696,30869
0.0001,16956,10,0.055923048425968826,0.048,0.07166744763093368,26956
0.0001,18260,10,0.05117243253842456,0.05466666666666667,0.07050480633718462,28260
0.0001,15652,10,0.050783050792171186,0.048666666666666664,0.07006040767268781,25652
0.0001,19565,10,0.03779472947679809,0.058666666666666666,0.056213566429270716,29565
0.0001,22173,10,0.050167972303693374,0.056666666666666664,0.07266768434910677,32173
0.0001,23478,10,0.046677208810597844,0.05333333333333334,0.06792734172887757,33478
0.0001,26086,10,0.04036916050199659,0.043333333333333335,0.059873038505955475,36086
0.1,13043,10,0.05407610079251267,0.06666666666666667,0.06937186839444472,23043
0.0001,28695,10,0.03972999924704388,0.042666666666666665,0.06036340711192683,38695
0.0001,24782,10,0.04993406774772586,0.04533333333333334,0.07001261714993293,34782
0.0001,27391,10,0.04765699862550602,0.036,0.06537149068965252,37391
0.1,15652,10,0.049265949956224055,0.072,0.05403704226490769,25652
0.1,14347,10,0.052707463841304536,0.06933333333333333,0.0668092922204867,24347
2.0,0,10,0.042108337938425076,0.128,0.06014333503749465,10000
2.0,1304,10,0.03581461910033518,0.16,0.041134303184924045,11304
0.0001,30000,10,0.05002312771876532,0.035333333333333335,0.06643453177357705,40000
2.0,2608,10,0.033719283349532364,0.22466666666666665,0.04408901595434382,12608
0.1,16956,10,0.046197859852955166,0.068,0.05810615480781647,26956
2.0,3913,10,0.051208522472240926,0.19666666666666666,0.04936216751634041,13913
0.1,18260,10,0.04170610317749304,0.06333333333333334,0.05617315397591517,28260
0.1,20869,10,0.04635471425633868,0.05,0.06360793944354542,30869
0.0,0,10,0.042108337938425076,0.128,0.06014333503749465,10000
0.1,23478,10,0.04319778231618162,0.04733333333333333,0.055360195973815376,33478
0.1,22173,10,0.039175194716515586,0.05,0.05524404877150854,32173
0.1,19565,10,0.04065596356768765,0.05,0.05666175922333736,29565
2.0,6521,10,0.04157469536818471,0.184,0.062271717516596777,16521
2.0,5217,10,0.05820237582280188,0.148,0.08048183324391207,15217
0.1,24782,10,0.03440973229680823,0.050666666666666665,0.04668709924040981,34782
2.0,9130,10,0.04927001657803953,0.146,0.06457534819036183,19130
2.0,7826,10,0.06970627295814304,0.16,0.08646286764395587,17826
2.0,10434,10,0.05854824033039871,0.13866666666666666,0.07896296924801204,20434
0.0,0,10,0.02758259906891544,0.09933333333333333,0.03890073224583182,11304
0.1,28695,10,0.04789286421705373,0.04933333333333333,0.06160711095609493,38695
2.0,11739,10,0.07421684335001151,0.11,0.08891523239054656,21739
2.0,13043,10,0.06207419028709322,0.12066666666666667,0.07300268495885767,23043
0.1,30000,10,0.0432553931268908,0.05333333333333334,0.058275632555868595,40000
2.0,14347,10,0.07596164359111936,0.11733333333333333,0.09874571621215217,24347
2.0,15652,10,0.07744140396832958,0.096,0.10072708491689203,25652
0.0,0,10,0.03654715264403828,0.10466666666666667,0.04105002641377981,12608
2.0,16956,10,0.079954219653203,0.09666666666666666,0.10073780759918767,26956
10.0,0,10,0.042108337938425076,0.128,0.06014333503749465,10000
0.1,26086,10,0.042561336462533295,0.052,0.052945849429876644,36086
0.1,27391,10,0.04866904152994784,0.048666666666666664,0.0568273189324907,37391
10.0,1304,10,0.03281565053232683,0.13533333333333333,0.037746432594042166,11304
0.0,0,10,0.0327522814188416,0.09933333333333333,0.036679170694604524,13913
0.0,0,10,0.047363461395190154,0.088,0.04576451854128507,15217
10.0,2608,10,0.027649506833473135,0.15133333333333332,0.03703544137377188,12608
10.0,3913,10,0.027582587324501612,0.15933333333333333,0.03683227238812543,13913
10.0,6521,10,0.03271213593810213,0.18533333333333332,0.03870686626290133,16521
10.0,5217,10,0.029220161504690173,0.16866666666666666,0.03739362203783254,15217
0.0,0,10,0.04276441196752467,0.096,0.04848226262307109,16521
2.0,22173,10,0.08227452603199012,0.08,0.10880913682247437,32173
10.0,9130,10,0.039736232396350074,0.238,0.04111469394038656,19130
2.0,26086,10,0.08507250640118419,0.078,0.11160003832219408,36086
2.0,27391,10,0.08576047253209292,0.07,0.1180417709237169,37391
10.0,7826,10,0.037251875909784585,0.19866666666666666,0.046980272036976224,17826
2.0,24782,10,0.0845635368632318,0.07066666666666667,0.11273009568487517,34782
2.0,30000,10,0.08304662128238764,0.07133333333333333,0.11026349065055774,40000
2.0,18260,10,0.08133276697709757,0.09333333333333334,0.11088966636526625,28260
10.0,13043,10,0.03829003321878857,0.288,0.04229778884804049,23043
2.0,28695,10,0.08344403595149735,0.06266666666666666,0.11260423258987011,38695
10.0,10434,10,0.040098748137711505,0.22333333333333333,0.04829399788223013,20434
0.0,0,10,0.04352356229531851,0.088,0.054132695438012086,17826
10.0,15652,10,0.05130602112330823,0.33866666666666667,0.04990423287898753,25652
2.0,19565,10,0.07814806474279523,0.09866666666666667,0.10734235333687409,29565
10.0,11739,10,0.03721350058372088,0.21333333333333335,0.040453461510926554,21739
10.0,16956,10,0.055038581144589864,0.38266666666666665,0.061913191890237376,26956
2.0,20869,10,0.0840091902351069,0.08266666666666667,0.1212656728192827,30869
-0.1,0,10,0.042108337938425076,0.128,0.06014333503749465,10000
10.0,19565,10,0.06938597090166711,0.43466666666666665,0.06853636092402271,29565
10.0,14347,10,0.03856527960189676,0.25933333333333336,0.04369681254705407,24347
10.0,18260,10,0.06848850001510104,0.406,0.07311984415117954,28260
2.0,23478,10,0.07787440760281462,0.08066666666666666,0.10889685193797388,33478
-0.1,2608,10,0.043933404287530495,0.10266666666666667,0.05799762559291623,12608
-0.1,1304,10,0.05470705229097156,0.098,0.06852929741731865,11304
10.0,23478,10,0.08765273225245196,0.524,0.10104775476811753,33478
-0.1,3913,10,0.036142743310155254,0.084,0.04637886807773255,13913
-0.1,5217,10,0.031066869296851117,0.08066666666666666,0.04066027882244907,15217
10.0,26086,10,0.08862618633018578,0.5226666666666666,0.09737577352007379,36086
10.0,24782,10,0.09643197569105677,0.5326666666666666,0.11857028637694002,34782
-0.1,6521,10,0.03764777387792641,0.076,0.04250429811488323,16521
10.0,27391,10,0.06637894375322197,0.48,0.06696361329062725,37391
-0.1,9130,10,0.05010024698427629,0.068,0.049087886610487026,19130
10.0,28695,10,0.08669087377213314,0.5273333333333333,0.09356828899003743,38695
10.0,20869,10,0.06938458928531814,0.48333333333333334,0.08694290691463423,30869
0.0,0,10,0.036972264602581774,0.08133333333333333,0.03849196739939899,19130
-0.1,10434,10,0.030438188738448523,0.07666666666666666,0.04323209548083054,20434
10.0,22173,10,0.06921156669841415,0.4866666666666667,0.07867984382557322,32173
-0.1,7826,10,0.03127679045141372,0.07133333333333333,0.04443477316451823,17826
10.0,30000,10,0.0930534137927303,0.534,0.107027934767604,40000
-0.1,13043,10,0.035241021891907594,0.05533333333333333,0.04649887785426295,23043
-0.1,14347,10,0.03152885789392841,0.07266666666666667,0.045134139532204236,24347
0.0,0,10,0.046072216661415144,0.06533333333333333,0.0400769842473322,20434
0.01,0,10,0.042108337938425076,0.128,0.06014333503749465,10000
-0.1,11739,10,0.035681608552603786,0.06,0.04165649227902845,21739
0.01,1304,10,0.04027478350430305,0.166,0.05589640272117501,11304
0.01,2608,10,0.042968659995246704,0.13333333333333333,0.05071683391934735,12608
-0.1,15652,10,0.03476172264968067,0.06066666666666667,0.04238362596223092,25652
0.01,3913,10,0.04547363483150332,0.09733333333333333,0.05788832600533166,13913
0.0,0,10,0.037020198012147176,0.06533333333333333,0.04089880727363198,21739
-0.1,19565,10,0.029288347418784083,0.03866666666666667,0.04578921081454732,29565
-0.1,16956,10,0.034736502400028846,0.042666666666666665,0.048040008517546265,26956
0.01,6521,10,0.07326241788295627,0.08066666666666666,0.0769555434994781,16521
-0.1,20869,10,0.03286574363187397,0.037333333333333336,0.045232764639405766,30869
0.01,5217,10,0.06425994777008161,0.09933333333333333,0.06722474225493658,15217
-0.1,18260,10,0.030518922594294475,0.044,0.04064356469423968,28260
0.01,7826,10,0.0550060449578899,0.09866666666666667,0.0768179750582363,17826
0.01,10434,10,0.07390692770041117,0.08733333333333333,0.11180028029518004,20434
0.01,9130,10,0.0663186360884827,0.096,0.09066384605765573,19130
0.0,0,10,0.028353238937698012,0.05533333333333333,0.034061644256006246,23043
-0.1,23478,10,0.024449102661893506,0.04,0.04329830003165118,33478
-0.01,0,10,0.042108337938425076,0.128,0.06014333503749465,10000
-0.1,26086,10,0.030177206593945426,0.025333333333333333,0.04593745703665665,36086
-0.1,24782,10,0.030612732725522365,0.028666666666666667,0.045069786562545844,34782
0.01,11739,10,0.06060483320146077,0.082,0.08490070050852823,21739
-0.1,27391,10,0.028463445857511,0.029333333333333333,0.04553747220086491,37391
-0.01,1304,10,0.043507600302587,0.138,0.04938781136454047,11304
0.01,19565,10,0.06315586139470654,0.06666666666666667,0.08628878577642064,29565
0.01,14347,10,0.06367128099534969,0.07333333333333333,0.09157269531799705,24347
-0.1,22173,10,0.030225845154927426,0.034,0.04250094458790069,32173
-0.1,28695,10,0.031097728542781557,0.02266666666666667,0.048536698079369944,38695
0.0,0,10,0.02202995322163183,0.034666666666666665,0.03732349681859518,24347
-0.1,30000,10,0.03396765814984661,0.03266666666666666,0.04799077960372499,40000
0.01,20869,10,0.07412018540393824,0.06066666666666667,0.10778823422205899,30869
-0.01,5217,10,0.0643087301425952,0.098,0.06294790595341374,15217
-0.01,7826,10,0.031046951976991234,0.07,0.03736798449322566,17826
-0.01,6521,10,0.03602198306325462,0.07066666666666667,0.04070386462030866,16521
0.01,16956,10,0.061697725232249305,0.07,0.090353217787143,26956
0.01,13043,10,0.08283807659189736,0.06533333333333333,0.1269969770379611,23043
-0.01,2608,10,0.03018521611362468,0.092,0.0424870280968663,12608
0.01,18260,10,0.0697431718361734,0.058666666666666666,0.09664293285801148,28260
-0.01,9130,10,0.03224996543590959,0.056,0.0429520614194969,19130
0.01,26086,10,0.0709734951700415,0.048,0.10326168104021156,36086
-0.01,3913,10,0.03803958303984973,0.07733333333333334,0.05710414671471683,13913
0.01,15652,10,0.0685947072700652,0.06266666666666666,0.09884826735374186,25652
0.01,28695,10,0.0857224448730073,0.05,0.12400490031250819,38695
0.01,30000,10,0.08314531747485619,0.050666666666666665,0.12232189786566766,40000
0.0,0,10,0.029889194112434587,0.04533333333333334,0.03853863646641591,25652
-0.01,13043,10,0.03747430560298517,0.05333333333333334,0.0447384049426992,23043
-0.01,15652,10,0.03219300843458183,0.05,0.03945394943104993,25652
-0.01,10434,10,0.044264990403978126,0.058666666666666666,0.04271122491651627,20434
-0.01,11739,10,0.049518130673056424,0.046,0.04312270137581604,21739
-0.01,16956,10,0.03039759374659314,0.056,0.03691110586678255,26956
0.01,27391,10,0.07344365089674446,0.058,0.1025611422905361,37391
0.0001,0,10,0.042108337938425076,0.128,0.06014333503749465,10000
0.01,23478,10,0.0707081206902868,0.058666666666666666,0.10427439331592013,33478
-0.01,14347,10,0.04228769429282966,0.04,0.04452927828382533,24347
0.0001,1304,10,0.04685531311996524,0.148,0.053602384893437785,11304
0.0001,2608,10,0.09757334984525845,0.10533333333333333,0.08868384324429907,12608
0.01,24782,10,0.07136143434234075,0.059333333333333335,0.10308531784854819,34782
0.01,22173,10,0.0768747216932595,0.05533333333333333,0.11197201196747979,32173
-0.01,18260,10,0.033690464408062726,0.051333333333333335,0.061525529197507166,28260
0.0001,5217,10,0.067429945095223,0.108,0.08005865740186936,15217
0.0001,6521,10,0.059604623270327596,0.09533333333333334,0.07328169708312379,16521
-0.01,20869,10,0.025744020865623676,0.042,0.03468046462028332,30869
-0.01,19565,10,0.025922221278033435,0.046,0.036337218030214384,29565
0.0,0,10,0.027480851861321355,0.034,0.04287196393316835,26956
-0.01,22173,10,0.030977693468052927,0.034666666666666665,0.0411758365922006,32173
-0.01,24782,10,0.02896933377013712,0.044,0.03851657755939422,34782
0.0001,13043,10,0.047519908094131966,0.06066666666666667,0.0634761101826864,23043
-0.01,26086,10,0.02930515030825817,0.035333333333333335,0.03874889476932255,36086
0.0,0,10,0.042108337938425076,0.128,0.06014333503749465,10000
0.0001,14347,10,0.04769754956827719,0.05533333333333333,0.06479029606899668,24347
0.0001,7826,10,0.06922505050515088,0.08333333333333333,0.08298646389095297,17826
0.0,0,10,0.03654715264403828,0.10466666666666667,0.04105002641377981,12608
0.0001,11739,10,0.05506084788217037,0.06733333333333333,0.07338008261581391,21739
0.0,0,10,0.0327522814188416,0.09933333333333333,0.036679170694604524,13913
0.0001,9130,10,0.05562476846181517,0.07666666666666666,0.07927112082484832,19130
0.0,0,10,0.02758259906891544,0.09933333333333333,0.03890073224583182,11304
0.0,0,10,0.0286778228580508,0.04533333333333334,0.03715645348821467,28260
0.0,0,10,0.047363461395190154,0.088,0.04576451854128507,15217
0.0001,18260,10,0.05117243253842456,0.05466666666666667,0.07050480633718462,28260
0.0,0,10,0.04276441196752467,0.096,0.04848226262307109,16521
0.0001,19565,10,0.03779472947679809,0.058666666666666666,0.056213566429270716,29565
-0.01,30000,10,0.03481849335076201,0.03133333333333333,0.04255160662830641,40000
-0.01,28695,10,0.03673488429681769,0.038,0.04348196857527099,38695
0.0,0,10,0.04352356229531851,0.088,0.054132695438012086,17826
0.0,0,10,0.046072216661415144,0.06533333333333333,0.0400769842473322,20434
0.0,0,10,0.036972264602581774,0.08133333333333333,0.03849196739939899,19130
0.0,0,10,0.037020198012147176,0.06533333333333333,0.04089880727363198,21739
-0.01,23478,10,0.02659751787289366,0.03866666666666667,0.03906039472756923,33478
0.0,0,10,0.03130089090223077,0.04733333333333333,0.035909682652217605,30869
0.0,0,10,0.028353238937698012,0.05533333333333333,0.034061644256006246,23043
0.0001,22173,10,0.050167972303693374,0.056666666666666664,0.07266768434910677,32173
0.0,0,10,0.04284461970740138,0.02666666666666667,0.04573375123420125,29565
0.0001,10434,10,0.042573126132446265,0.07666666666666666,0.05882397729612631,20434
0.0001,26086,10,0.04036916050199659,0.043333333333333335,0.059873038505955475,36086
0.0,0,10,0.02202995322163183,0.034666666666666665,0.03732349681859518,24347
0.0001,16956,10,0.055923048425968826,0.048,0.07166744763093368,26956
0.0001,20869,10,0.035854957985412536,0.058,0.05503330084702696,30869
0.0001,24782,10,0.04993406774772586,0.04533333333333334,0.07001261714993293,34782
0.0001,30000,10,0.05002312771876532,0.035333333333333335,0.06643453177357705,40000
0.0,0,10,0.029889194112434587,0.04533333333333334,0.03853863646641591,25652
0.0001,27391,10,0.04765699862550602,0.036,0.06537149068965252,37391
0.0001,23478,10,0.046677208810597844,0.05333333333333334,0.06792734172887757,33478
0.0,0,10,0.027480851861321355,0.034,0.04287196393316835,26956
0.0,0,10,0.03368449812243705,0.048666666666666664,0.040894670642098216,32173
0.0001,3913,10,0.043900457396501266,0.11933333333333333,0.06304501746100039,13913
0.0,0,10,0.0286778228580508,0.04533333333333334,0.03715645348821467,28260
0.0,0,10,0.03130089090223077,0.04733333333333333,0.035909682652217605,30869
0.0001,15652,10,0.050783050792171186,0.048666666666666664,0.07006040767268781,25652
0.0001,28695,10,0.03972999924704388,0.042666666666666665,0.06036340711192683,38695
0.0,0,10,0.03368449812243705,0.048666666666666664,0.040894670642098216,32173
0.0,0,10,0.04284461970740138,0.02666666666666667,0.04573375123420125,29565
0.0,0,10,0.02842653450490997,0.04,0.03556196868425947,33478
0.0,0,10,0.028701988553232964,0.027333333333333334,0.040456406809951974,34782
0.0,0,10,0.02842653450490997,0.04,0.03556196868425947,33478
0.0,0,10,0.028701988553232964,0.027333333333333334,0.040456406809951974,34782
-0.01,27391,10,0.03487238241101419,0.048,0.04341506518132279,37391
0.0,0,10,0.026299196673386448,0.04133333333333333,0.037979132907377394,36086
0.0,0,10,0.022729575497877557,0.02666666666666667,0.033805333753183495,37391
0.0,0,10,0.031139875297981054,0.02266666666666667,0.041212083502771245,38695
0.0,0,10,0.0382349383092788,0.03,0.04396109048659009,40000
0.0,0,10,0.022729575497877557,0.02666666666666667,0.033805333753183495,37391
0.0,0,10,0.026299196673386448,0.04133333333333333,0.037979132907377394,36086
0.0,0,10,0.0382349383092788,0.03,0.04396109048659009,40000
0.0,0,10,0.031139875297981054,0.02266666666666667,0.041212083502771245,38695
