0.01 10 0 Size_experiment 10000 0.0
0.1 10 0 Size_experiment 10000 0.0
0.01 10 1304 Size_experiment 10000 0.04350213260833892
0.1 10 1304 Size_experiment 10000 0.041985706421428744
0.01 10 2608 Size_experiment 10000 0.04453399969732989
0.1 10 2608 Size_experiment 10000 0.03875432691373196
0.1 10 3912 Size_experiment 10000 0.038640084918722756
0.01 10 3912 Size_experiment 10000 0.03878087241293337
0.1 10 6520 Size_experiment 10000 0.03937075620764834
0.1 10 5216 Size_experiment 10000 0.03687832024960339
0.01 10 6520 Size_experiment 10000 0.03715004351718614
0.01 10 5216 Size_experiment 10000 0.0349251285664223
0.01 10 7824 Size_experiment 10000 0.03758130906794947
0.1 10 7824 Size_experiment 10000 0.034448932955019836
0.1 10 9128 Size_experiment 10000 0.03564727374994101
0.1 10 11736 Size_experiment 10000 0.034907793038820446
0.01 10 9128 Size_experiment 10000 0.03334566610622988
0.01 10 11736 Size_experiment 10000 0.035600870991392364
0.1 10 10432 Size_experiment 10000 0.03285601291549634
0.01 10 10432 Size_experiment 10000 0.035113844159862934
0.1 10 15648 Size_experiment 10000 0.034659096259100165
0.1 10 13040 Size_experiment 10000 0.03217620482275975
0.01 10 13040 Size_experiment 10000 0.03248590704461204
0.0001 10 0 Size_experiment 10000 0.0
0.01 10 14344 Size_experiment 10000 0.03336897475328599
0.0001 10 1304 Size_experiment 10000 0.04453622855877929
0.1 10 14344 Size_experiment 10000 0.031694518863913605
0.0001 10 2608 Size_experiment 10000 0.039710030784920324
0.01 10 15648 Size_experiment 10000 0.031504810114873
0.0001 10 3912 Size_experiment 10000 0.0392097335424116
0.01 10 16952 Size_experiment 10000 0.031820943501981044
0.1 10 16952 Size_experiment 10000 0.030587667233293474
0.0001 10 5216 Size_experiment 10000 0.036927830181483004
0.0001 10 6520 Size_experiment 10000 0.037371136138032834
0.01 10 18256 Size_experiment 10000 0.030550469574775054
0.01 10 19560 Size_experiment 10000 0.030797198898182852
0.0001 10 9128 Size_experiment 10000 0.03639335126846553
0.1 10 18256 Size_experiment 10000 0.028981617662943524
0.0001 10 7824 Size_experiment 10000 0.03328255830213771
0.1 10 20864 Size_experiment 10000 0.028664212014041124
0.1 10 19560 Size_experiment 10000 0.02764730917951889
2 10 0 Size_experiment 10000 0.0
0.1 10 22168 Size_experiment 10000 0.02870020449640109
0.01 10 20864 Size_experiment 10000 0.02892272567080514
2 10 1304 Size_experiment 10000 0.043306242124546146
2 10 2608 Size_experiment 10000 0.04339690419275229
0.1 10 23472 Size_experiment 10000 0.02917050592755609
0.0001 10 10432 Size_experiment 10000 0.032805652602571796
0.01 10 23472 Size_experiment 10000 0.028670285650895442
0.01 10 22168 Size_experiment 10000 0.02753520399171433
0.01 10 27384 Size_experiment 10000 0.029212047020905657
0.0001 10 11736 Size_experiment 10000 0.03174895801340672
0.01 10 24776 Size_experiment 10000 0.028083036313771046
0.1 10 24776 Size_experiment 10000 0.027445437046542266
0.0001 10 13040 Size_experiment 10000 0.031958246757164584
0.1 10 27384 Size_experiment 10000 0.027507903480513612
0.1 10 26080 Size_experiment 10000 0.02737942081699134
0.1 10 28688 Size_experiment 10000 0.027552094067569068
2 10 3912 Size_experiment 10000 0.04378450736304007
0.01 10 26080 Size_experiment 10000 0.028597625152872425
2 10 6520 Size_experiment 10000 0.044426674265737896
0.0001 10 14344 Size_experiment 10000 0.030437158762972816
2 10 5216 Size_experiment 10000 0.041606154873460886
2 10 9128 Size_experiment 10000 0.0442866862263334
0.0001 10 15648 Size_experiment 10000 0.029907687489007056
2 10 7824 Size_experiment 10000 0.04201468110685676
0.01 10 29992 Size_experiment 10000 0.028122674047481384
2 10 10432 Size_experiment 10000 0.04136092385679407
0.0001 10 16952 Size_experiment 10000 0.028900634196409564
0.01 10 28688 Size_experiment 10000 0.027072953170898667
0.0001 10 18256 Size_experiment 10000 0.029381889218117695
2 10 13040 Size_experiment 10000 0.04278353262233345
0.1 10 29992 Size_experiment 10000 0.026849341621524938
0.0001 10 20864 Size_experiment 10000 0.031006064990882775
0.0001 10 19560 Size_experiment 10000 0.029437530017430734
2 10 11736 Size_experiment 10000 0.04004368961964794
10 10 1304 Size_experiment 10000 0.04364929930657056
10 10 0 Size_experiment 10000 0.0
10 10 2608 Size_experiment 10000 0.04389118103761319
10 10 3912 Size_experiment 10000 0.043720368073796693
10 10 5216 Size_experiment 10000 0.04401003702811508
0.0001 10 22168 Size_experiment 10000 0.027673980116555034
2 10 14344 Size_experiment 10000 0.03921751415166563
2 10 15648 Size_experiment 10000 0.039672471857453255
-0.01 10 0 Size_experiment 10000 0.0
10 10 6520 Size_experiment 10000 0.04357298536187256
2 10 16952 Size_experiment 10000 0.03775886080907614
-0.01 10 1304 Size_experiment 10000 0.03722286154893878
10 10 7824 Size_experiment 10000 0.04398984524775916
-0.01 10 2608 Size_experiment 10000 0.038021603926937514
-0.01 10 5216 Size_experiment 10000 0.04017785266307288
0.0001 10 23472 Size_experiment 10000 0.02699573730631841
-0.01 10 3912 Size_experiment 10000 0.037070150464539375
10 10 10432 Size_experiment 10000 0.04415268791223595
10 10 9128 Size_experiment 10000 0.04339177496071587
2 10 18256 Size_experiment 10000 0.03686600840186563
0.0001 10 26080 Size_experiment 10000 0.02751305503249906
10 10 11736 Size_experiment 10000 0.04428018051559901
-0.01 10 7824 Size_experiment 10000 0.03678877791545946
-0.01 10 6520 Size_experiment 10000 0.03477885325879387
2 10 19560 Size_experiment 10000 0.036582265881465806
0.0001 10 24776 Size_experiment 10000 0.025674856064217884
10 10 13040 Size_experiment 10000 0.04345982910255175
10 10 14344 Size_experiment 10000 0.04406700540194169
2 10 20864 Size_experiment 10000 0.035370698998735586
0.0001 10 28688 Size_experiment 10000 0.02727303112715913
2 10 22168 Size_experiment 10000 0.035846052704544495
0.0001 10 27384 Size_experiment 10000 0.02576898419472072
10 10 15648 Size_experiment 10000 0.04334557934627983
-0.01 10 9128 Size_experiment 10000 0.03333755267930983
2 10 23472 Size_experiment 10000 0.03516375493596405
2 10 26080 Size_experiment 10000 0.035737843727648995
-0.01 10 10432 Size_experiment 10000 0.033550086958986924
10 10 16952 Size_experiment 10000 0.043257115996210634
2 10 24776 Size_experiment 10000 0.03505465955125578
-0.1 10 0 Size_experiment 10000 0.0
0.0001 10 29992 Size_experiment 10000 0.025256350981593047
-0.1 10 1304 Size_experiment 10000 0.03961622566913989
-0.01 10 11736 Size_experiment 10000 0.03198446755997705
10 10 18256 Size_experiment 10000 0.04307855511257388
-0.1 10 2608 Size_experiment 10000 0.038641900947717404
10 10 19560 Size_experiment 10000 0.04318872179432281
-0.1 10 3912 Size_experiment 10000 0.03639791411972552
-0.1 10 5216 Size_experiment 10000 0.03696933521976989
10 10 20864 Size_experiment 10000 0.042939907700506756
2 10 27384 Size_experiment 10000 0.03497682406882223
2 10 29992 Size_experiment 10000 0.03585042640483796
-0.01 10 13040 Size_experiment 10000 0.031161488930546148
2 10 28688 Size_experiment 10000 0.03458072825625338
10 10 22168 Size_experiment 10000 0.0430169630930715
-0.01 10 16952 Size_experiment 10000 0.031858590256533086
-0.01 10 15648 Size_experiment 10000 0.03063121538755494
-0.01 10 14344 Size_experiment 10000 0.029674290744978828
-0.1 10 6520 Size_experiment 10000 0.03500597409303128
-0.1 10 7824 Size_experiment 10000 0.032861647517470484
-0.1 10 9128 Size_experiment 10000 0.03378057089502692
-0.01 10 18256 Size_experiment 10000 0.029638493778777666
-0.1 10 10432 Size_experiment 10000 0.033257718320454356
-1 10 0 Size_experiment 10000 0.0
-0.1 10 11736 Size_experiment 10000 0.03276371900271409
-0.01 10 19560 Size_experiment 10000 0.028160473589684792
-1 10 1304 Size_experiment 10000 0.03910072843998913
-0.1 10 13040 Size_experiment 10000 0.03166002197210716
-1 10 2608 Size_experiment 10000 0.04069053151542947
-0.1 10 14344 Size_experiment 10000 0.031312779633320936
-1 10 3912 Size_experiment 10000 0.04023967980869333
-1 10 5216 Size_experiment 10000 0.04127968048516177
10 10 23472 Size_experiment 10000 0.042815112659353595
10 10 27384 Size_experiment 10000 0.04317222058931954
-0.01 10 20864 Size_experiment 10000 0.030018407314210308
-1 10 6520 Size_experiment 10000 0.039384806549483516
10 10 26080 Size_experiment 10000 0.04294464920140016
10 10 24776 Size_experiment 10000 0.042785127725899604
-1 10 7824 Size_experiment 10000 0.03581681378039287
10 10 28688 Size_experiment 10000 0.04289478881912881
-0.01 10 22168 Size_experiment 10000 0.027850632251655207
-0.1 10 15648 Size_experiment 10000 0.02927746174431593
-0.01 10 24776 Size_experiment 10000 0.027435726994825355
10 10 29992 Size_experiment 10000 0.04273338061696792
-0.01 10 23472 Size_experiment 10000 0.027004920624515934
-0.1 10 18256 Size_experiment 10000 0.029965113121384394
-0.1 10 16952 Size_experiment 10000 0.028354977745504554
-1 10 9128 Size_experiment 10000 0.036464266044736134
-0.01 10 26080 Size_experiment 10000 0.027123772022845688
-1 10 10432 Size_experiment 10000 0.0370931367068914
0 10 0 Size_experiment 10000 0.0
-1 10 11736 Size_experiment 10000 0.03487217913451846
-0.1 10 19560 Size_experiment 10000 0.027599230739183904
-0.01 10 28688 Size_experiment 10000 0.026828076792462685
-1 10 13040 Size_experiment 10000 0.03325447654388436
-0.01 10 27384 Size_experiment 10000 0.025862929408339237
-1 10 14344 Size_experiment 10000 0.0337055287968851
-0.1 10 20864 Size_experiment 10000 0.02719160895153325
-0.1 10 22168 Size_experiment 10000 0.026646744049115663
-1 10 15648 Size_experiment 10000 0.03292983568638014
-0.01 10 29992 Size_experiment 10000 0.025181871255854908
-1 10 16952 Size_experiment 10000 0.031646927624448595
-0.1 10 23472 Size_experiment 10000 0.025866498901257574
-1 10 19560 Size_experiment 10000 0.033594798177423564
-0.1 10 26080 Size_experiment 10000 0.02577422675246339
-0.1 10 24776 Size_experiment 10000 0.024669768333233585
-1 10 20864 Size_experiment 10000 0.031220911989320834
-1 10 22168 Size_experiment 10000 0.03156704259977962
-0.1 10 27384 Size_experiment 10000 0.023957473503482412
-1 10 18256 Size_experiment 10000 0.03083953186471373
-0.1 10 28688 Size_experiment 10000 0.024359004066903906
-1 10 23472 Size_experiment 10000 0.02964614024803486
-1 10 24776 Size_experiment 10000 0.0297768450806445
-0.1 10 29992 Size_experiment 10000 0.024836094906834805
-1 10 26080 Size_experiment 10000 0.029486155015572488
-1 10 27384 Size_experiment 10000 0.02839560786311198
-1 10 28688 Size_experiment 10000 0.02746494905901326
-1 10 29992 Size_experiment 10000 0.028742233042965325
