
0.0,0,10,0.28791918133400984,0.737,2.4353405123012406,28680
0.01,434,1,0.034457952976098334,0.055,0.10969717438808371,20434
0.01,868,1,0.033603490590805224,0.056,0.06334170654570243,20868
0.01,1736,1,0.017301400480556686,0.042,0.03886875029074968,21736
0.01,1302,1,0.04186211867891252,0.05,0.065578424139419,21302
0.01,0,1,0.032594430638778225,0.073,0.0654266846715497,20000
0.01,2170,1,0.034775099363051655,0.036,0.04721703790779824,22170
0.0001,0,1,0.032594430638778225,0.073,0.0654266846715497,20000
0.0001,868,1,0.036108386068247914,0.058,0.06536746848940751,20868
0.01,2604,1,0.02074835271013525,0.038,0.0410338930845192,22604
0.0001,434,1,0.052293343384086595,0.056,1.4838014044748258,20434
0.0001,1302,1,0.023202943645377276,0.052,0.04462912731802862,21302
0.0001,1736,1,0.03702490534536242,0.046,0.044304917111755715,21736
0.01,3038,1,0.030622845589583194,0.031,0.04505282709765394,23038
0.01,3472,1,0.020400420143827,0.037,0.045111196481514564,23472
0.0001,2170,1,0.04655493549133397,0.05,0.06008445801647946,22170
0.01,3906,1,0.024917402983483057,0.031,0.0422108013996651,23906
0.01,4774,1,0.03243186656796896,0.035,0.04738332438121374,24774
0.0001,2604,1,0.03792710376383109,0.063,0.06431789882966585,22604
0.01,4340,1,0.02781580342599868,0.025,0.04804167687809306,24340
0.0001,3038,1,0.04333848152258548,0.062,0.05741389463741882,23038
0.01,5208,1,0.027268415739632467,0.035,0.051604952088910715,25208
0.0001,3472,1,0.03092091065795143,0.053,0.04555810892611429,23472
0.0001,3906,1,0.033966577598877515,0.05,0.046921509992833885,23906
0.01,5642,1,0.02677881785594247,0.029,0.04544371611606729,25642
0.01,6076,1,0.024808013076298614,0.019,0.045230699494071304,26076
0.0001,4340,1,0.026214401628103186,0.044,0.048619721436804354,24340
0.01,6944,1,0.02516027798151765,0.028,0.04512342387854501,26944
0.01,6510,1,0.020536051547497346,0.026,0.04471471424326622,26510
0.0001,4774,1,0.02668623999102956,0.044,0.04870283010672567,24774
0.01,7378,1,0.022291208646963483,0.03,0.044965786075175776,27378
0.01,7812,1,0.027214526394015982,0.034,0.04597908344097833,27812
0.0001,5642,1,0.022789272178211837,0.041,0.046432863585935,25642
0.0001,5208,1,0.021646800386558713,0.034,0.04854202367038207,25208
0.01,8246,1,0.029290340703068237,0.026,0.051437208381394296,28246
0.0001,6076,1,0.031420975786851255,0.048,0.2518449682388337,26076
0.01,8680,1,0.02125719625363875,0.023,0.046007108094580786,28680
0.0001,6510,1,0.03187947452738387,0.049,0.25374403350787517,26510
0.01,9982,1,0.021134692567770633,0.014,0.04764210525245522,29982
0.01,9548,1,0.02080988239285086,0.024,0.049365236262921455,29548
0.01,9114,1,0.025130668031387585,0.023,0.04775253599363306,29114
-0.01,0,1,0.032594430638778225,0.073,0.0654266846715497,20000
-0.01,868,1,0.03611623715497993,0.051,0.062232844192778074,20868
-0.01,1302,1,0.030189143605673104,0.054,0.06172436099617018,21302
-0.01,434,1,0.02753316015837246,0.057,0.0700689248286799,20434
-0.01,1736,1,0.028876098137068148,0.054,0.05002208076521589,21736
-0.01,2170,1,0.027632131620747007,0.06,0.06060888937059435,22170
-0.01,2604,1,0.02501679085757204,0.065,0.04933954178072829,22604
0.0001,6944,1,0.03374113718808973,0.051,0.2606982584455285,26944
-0.01,3038,1,0.031698091458510685,0.041,0.06223391152957982,23038
-0.01,3472,1,0.04536982016150055,0.042,0.057983337460135995,23472
0.0001,7378,1,0.026634059427071012,0.037,0.0494093974755461,27378
-0.01,3906,1,0.029644760206401475,0.048,0.05369691511492359,23906
-0.01,4340,1,0.021910977516454506,0.048,0.048609516557619206,24340
0.0001,7812,1,0.021282315260092926,0.026,0.0470030278127157,27812
-0.01,4774,1,0.02258829875318255,0.047,0.04790931003751871,24774
-0.1,434,1,0.0276981815031498,0.061,0.0669181650495546,20434
-0.1,0,1,0.032594430638778225,0.073,0.0654266846715497,20000
0.0001,8246,1,0.022762884950146577,0.028,0.06003682373533619,28246
0.0001,8680,1,0.030134310439411,0.036,0.050479123715652024,28680
-0.1,1302,1,0.026989431703678644,0.067,0.06637612156457229,21302
0.0001,9548,1,0.020832946477508534,0.021,0.04810332635491231,29548
-0.1,868,1,0.025695714419012992,0.072,0.06488651916284145,20868
-0.01,5208,1,0.026840670927728398,0.035,0.04900896158748177,25208
-0.1,1736,1,0.024936372776383896,0.062,0.062820132270063,21736
0.0001,9114,1,0.02773868099600272,0.031,0.04971855075107131,29114
-0.01,5642,1,0.032064831700433255,0.036,0.05180000438438456,25642
-0.1,2170,1,0.029432190299624364,0.059,0.06912291568300691,22170
-0.1,2604,1,0.03222129249042681,0.061,0.06822534775660487,22604
-0.01,6076,1,0.035214936192792486,0.04,0.053438830741247334,26076
0.0,0,10,0.2850068154347038,0.708,1.380612381009476,29114
0.0001,9982,1,0.026355116218352227,0.034,0.05072171529969539,29982
-0.01,6510,1,0.032298141785859824,0.039,0.05390812171951057,26510
-0.1,3038,1,0.031219741501420206,0.057,0.06830608433084674,23038
-0.1,3472,1,0.027542136977281098,0.069,0.06491054105532343,23472
-0.01,7378,1,0.03561730803519785,0.026,0.05391793250487653,27378
-0.01,6944,1,0.037443361924914126,0.034,0.052640027514491934,26944
-0.1,3906,1,0.030654656485850865,0.064,0.06794164533105783,23906
-0.01,8246,1,0.03510007424757867,0.029,0.054812873630672665,28246
-0.01,7812,1,0.035065588714055386,0.043,0.054013025377337716,27812
-0.01,8680,1,0.03619134377764075,0.024,0.055697124628932976,28680
-0.1,4774,1,0.027318163415814455,0.071,0.06460468813342708,24774
-0.1,4340,1,0.027466909781497347,0.068,0.06518081624932084,24340
-0.1,5208,1,0.03169028312173862,0.067,0.067406687980674,25208
-0.1,5642,1,0.02490768317202432,0.071,0.06541481879926976,25642
-0.01,9114,1,0.03354099859039235,0.031,0.057010003875886485,29114
-0.01,9548,1,0.03650238586561155,0.026,0.05770376800256122,29548
-0.1,6076,1,0.028990323319604248,0.055,0.06743386147146943,26076
-0.1,6510,1,0.026266986113319422,0.061,0.06485114835895557,26510
-0.01,9982,1,0.031036994982886923,0.027,0.0543524486901188,29982
0.0,0,1,0.032594430638778225,0.073,0.0654266846715497,20000
-0.1,6944,1,0.02950368655463689,0.062,0.06748847916262445,26944
0.0,0,1,0.025100930448041105,0.056,0.04716963735878489,20868
-0.1,7812,1,0.02792169282418332,0.063,0.06665849739944738,27812
-0.1,7378,1,0.026044276923817108,0.074,0.06515445107741874,27378
-0.1,8246,1,0.02899970529906208,0.066,0.06766103232334904,28246
-0.1,8680,1,0.0307503036044597,0.061,0.0680525395911081,28680
0.0,0,1,0.04499150037144818,0.065,0.6250882183360661,20434
0.0,0,1,0.03158111364116482,0.067,0.31958953260448675,21302
0.0,0,1,0.04257193700343302,0.057,0.11466572875593747,21736
0.0,0,1,0.03748343473848727,0.054,0.08212663528206594,22170
0.0,0,1,0.031842427531595864,0.055,0.06158326707814054,22604
0.0,0,1,0.03684682470336008,0.047,0.055184213521017336,23038
0.0,0,1,0.025393023402630978,0.039,0.05739006229654015,23472
0.0,0,1,0.038516541510678536,0.045,0.13984950998637136,23906
0.0,0,1,0.03845150287082129,0.049,0.12837700785432835,24340
0.0,0,1,0.034966936998434506,0.053,0.1300497830575757,24774
0.0,0,1,0.028227387694117246,0.041,0.06009572391011818,25208
0.0,0,1,0.026732724034301936,0.035,0.054903755689952365,25642
0.0,0,1,0.027992209620826516,0.035,0.05247501010534529,26076
0.0,0,1,0.032666983872089585,0.032,0.052814294585018094,26510
0.0,0,1,0.031182651366628754,0.036,0.0516313888788086,26944
0.0,0,1,0.03198370036139774,0.04,0.04669598397249016,27378
0.0,0,1,0.02584915452432973,0.043,0.05005873373201924,27812
0.0,0,1,0.026092729370208356,0.037,0.05178227226576058,28680
-0.1,8680,10,0.32695332498556623,0.664,1.5244007894750518,28680
0.0,0,1,0.025817570488795818,0.035,0.051575248242515706,28246
0.0,0,1,0.033248830767942376,0.039,0.06855068402019503,29114
0.01,434,1,0.020580778566583455,0.271,0.04739738274731208,20434
0.01,868,1,0.01663298077761301,0.257,0.040856854504001255,20868
0.01,1302,1,0.01715598368210563,0.265,0.044523467946919595,21302
0.01,0,1,0.02006848671643198,0.313,0.06780408817417524,20000
0.01,1736,1,0.016383013006353347,0.203,0.04023184533793086,21736
0.01,2170,1,0.017360466851300264,0.215,0.0433875422895393,22170
0.01,2604,1,0.016829025979307258,0.209,0.04055856278126556,22604
0.0001,0,1,0.02006848671643198,0.313,0.06780408817417524,20000
0.0001,868,1,0.01847403911095081,0.246,0.04608500905831558,20868
0.01,3038,1,0.01890203029194548,0.201,0.04292192183167282,23038
0.0001,1302,1,0.019049183817062464,0.225,0.04354902013295009,21302
0.0001,434,1,0.031302804329777445,0.286,0.05832806586485645,20434
0.01,3472,1,0.01908768914163528,0.207,0.04589513748060302,23472
0.0001,1736,1,0.016821779779071004,0.231,0.04253378991127037,21736
0.0001,2170,1,0.02569329847493644,0.214,0.05452868678259167,22170
0.01,3906,1,0.018276718534513757,0.195,0.0426207389817822,23906
0.01,4774,1,0.018701119923882615,0.187,0.04133246742419159,24774
0.01,4340,1,0.018583225347286587,0.182,0.043186607690334146,24340
0.0001,2604,1,0.02787420048644913,0.234,0.05907842003158984,22604
0.01,5208,1,0.01926325069980298,0.185,0.0441780605667423,25208
0.0001,3038,1,0.02517714385421364,0.229,0.055877127014456913,23038
0.0,0,10,0.29802764210518634,0.662,2.891877128563205,29548
0.0001,3472,1,0.019461899335330653,0.203,0.044151768965706384,23472
0.0001,3906,1,0.0194433337054598,0.221,0.04592173665509029,23906
0.01,5642,1,0.019928503824219308,0.178,0.0454955629387763,25642
0.01,6510,1,0.020065280266316272,0.19,0.04760936835542557,26510
0.0001,4340,1,0.020648406894338972,0.215,0.04817230191493004,24340
0.01,6076,1,0.01908909433887868,0.175,0.04562381267237938,26076
0.0001,4774,1,0.0209589487291666,0.23,0.04904700570592867,24774
0.01,6944,1,0.020902783035594227,0.179,0.04664219919386839,26944
0.01,7378,1,0.02120100472257775,0.164,0.04655064042038651,27378
0.01,7812,1,0.02061984409381263,0.163,0.04549498535783876,27812
0.0001,5642,1,0.02112402356548233,0.213,0.0473907909463525,25642
0.0001,5208,1,0.021720783676967136,0.212,0.05193007124965389,25208
0.01,8246,1,0.020193511883398112,0.167,0.04334437741737611,28246
0.01,8680,1,0.02143138579141361,0.146,0.04725116915619781,28680
0.01,9982,1,0.021715430275228428,0.132,0.048554056250498745,29982
0.01,9114,1,0.021987737582448107,0.168,0.045784118693238535,29114
0.01,9548,1,0.021387434813689397,0.16,0.04612849205325434,29548
0.0,0,10,0.295646874871402,0.681,0.8956696899371602,29982
-0.01,0,1,0.02006848671643198,0.313,0.06780408817417524,20000
-0.01,434,1,0.019016292664594227,0.272,0.049378707535022597,20434
-0.01,868,1,0.019721963152033752,0.247,0.04898793868556229,20868
-0.01,1302,1,0.019641414237588327,0.235,0.049826048226379524,21302
-0.01,1736,1,0.022483793890714764,0.259,0.04977361611931731,21736
-0.01,2170,1,0.02058554308364418,0.251,0.04862372707315576,22170
0.0001,6076,1,0.022219461883837457,0.186,0.048330591815038924,26076
-0.01,2604,1,0.02109834390617332,0.254,0.05053109679121241,22604
-0.01,3038,1,0.02033624241923319,0.238,0.050355954857999825,23038
0.0001,6510,1,0.022568339266919438,0.206,0.04760260458139293,26510
-0.01,3472,1,0.0210439961061165,0.221,0.04904594349457321,23472
0.0001,7378,1,0.02234797607429827,0.203,0.04992408440693281,27378
0.0001,7812,1,0.02055797242569786,0.194,0.048485775782587254,27812
-0.01,3906,1,0.02029810492103954,0.249,0.04965820213022648,23906
0.0001,6944,1,0.02489098998168399,0.203,0.05188434488965197,26944
-0.01,4340,1,0.021004566635006907,0.231,0.04947360912489512,24340
-0.1,0,1,0.02006848671643198,0.313,0.06780408817417524,20000
-0.01,4774,1,0.021867646018864182,0.239,0.049958645713982584,24774
0.0001,8246,1,0.02260413022750601,0.206,0.049751366102073785,28246
-0.1,434,1,0.019241560124616558,0.291,0.04634348631415827,20434
-0.01,5208,1,0.021556746453597203,0.228,0.04814254896452375,25208
0.0001,8680,1,0.02310291504025884,0.179,0.05199505418165655,28680
-0.1,868,1,0.019541466219321624,0.297,0.046721362887027856,20868
0.0001,9982,1,0.023122864823400664,0.188,0.05007108702637573,29982
-0.1,1302,1,0.01927072958270334,0.293,0.04689682708910268,21302
-0.01,5642,1,0.02180238871184433,0.234,0.05031789993187979,25642
0.0001,9548,1,0.021105169053345522,0.167,0.049451661995430114,29548
-0.1,1736,1,0.019214148318803623,0.29,0.046143791604118335,21736
0.0001,9114,1,0.02221298338447247,0.169,0.0505883000889837,29114
-0.01,6076,1,0.022934929708201886,0.22,0.049848499217723684,26076
-0.1,2170,1,0.019652018155484955,0.291,0.047535946071868646,22170
-0.01,6510,1,0.0258146475361236,0.224,0.05039464715122717,26510
-0.01,6944,1,0.023718685271601172,0.198,0.05040736648736526,26944
-0.1,2604,1,0.019466212005568258,0.291,0.04645861833164941,22604
-0.1,3038,1,0.02163754553837116,0.299,0.04727349349950527,23038
-0.01,7378,1,0.025006837831848126,0.192,0.054304394195983915,27378
-0.1,3472,1,0.018716539929473856,0.288,0.046202115733313086,23472
-0.01,7812,1,0.02407843197670311,0.203,0.053916105967365735,27812
-0.1,3906,1,0.01892584179671119,0.283,0.046309151053590326,23906
-0.1,4340,1,0.01874249268629586,0.299,0.04725546887244177,24340
-0.01,8246,1,0.02536693781357842,0.188,0.05249879614650292,28246
-0.1,4774,1,0.021273792637174587,0.29,0.046714758928253726,24774
-0.01,8680,1,0.02450174617893621,0.183,0.0537860592609116,28680
-0.01,9982,1,0.026251807851210104,0.17,0.05452265995691087,29982
-0.01,9114,1,0.0255045920441882,0.2,0.05597413264658489,29114
-0.01,9548,1,0.025565675719751418,0.193,0.05551446429764194,29548
-0.1,5642,1,0.018997811537272095,0.289,0.04586899709375479,25642
-0.1,5208,1,0.019393134959231468,0.289,0.04734091063452078,25208
-0.1,6076,1,0.01880798515012103,0.29,0.04714327367842594,26076
0.0,0,1,0.02006848671643198,0.313,0.06780408817417524,20000
-0.1,6944,1,0.018645840849190885,0.3,0.04592056300369835,26944
-0.1,6510,1,0.021054733585262313,0.287,0.04701900735888158,26510
0.0,0,1,0.019197803550337313,0.263,0.04772168232771197,20868
0.0,0,1,0.01962781406696093,0.267,0.04946734848128018,20434
-0.1,7378,1,0.019315755574136315,0.295,0.0472198625662057,27378
0.0,0,1,0.022274750159348426,0.274,0.04859362818930862,21302
-0.1,7812,1,0.019224186984211387,0.286,0.046277848128087426,27812
-0.1,8246,1,0.01907612114900242,0.298,0.04667485736446294,28246
0.0,0,1,0.029394541409503067,0.247,0.05243243814909683,21736
0.0,0,1,0.023251123540188764,0.229,0.05803320556812691,22604
0.0,0,1,0.024344491149965265,0.231,0.055431012971698404,22170
-0.1,8680,1,0.018981473507680098,0.287,0.046303440418498536,28680
0.0,0,1,0.025340437543514248,0.23,0.0534562295436035,23038
0.0,0,1,0.020602269093109356,0.193,0.052977871845576674,23472
0.0,0,1,0.02141430533373195,0.225,0.052257997080703354,23906
0.0,0,1,0.023913400667469265,0.233,0.04785709840640475,24340
0.0,0,1,0.021197754964964725,0.24,0.05048258904428066,24774
0.0,0,1,0.02238488591356896,0.178,0.05435585697902802,25642
0.0,0,1,0.023194376163880738,0.207,0.05633779849784645,25208
0.0,0,1,0.025335766740036625,0.188,0.052313670360807446,26076
0.0,0,1,0.020283460307993644,0.21,0.050163212671731044,26510
0.0,0,1,0.01957709467103339,0.208,0.046800961816007895,26944
0.0,0,1,0.02050041601854157,0.2,0.04380680297982138,27378
0.0,0,1,0.02021065965344719,0.197,0.04742922725212896,27812
0.0,0,1,0.02103787717218384,0.205,0.05099994912448774,28246
0.0,0,1,0.02146682496242229,0.181,0.05156645453222441,28680
0.0,0,1,0.02439170258750646,0.163,0.051561202377138016,29114
0.0,0,1,0.02566879176016385,0.145,0.05241919457472533,29548
0.0,0,1,0.024323594569762453,0.157,0.05223600296079846,29982
0.01,434,10,0.3199408743026657,0.663,1.7742695731267026,20434
0.01,868,10,0.3151610915111351,0.675,3.647957609800542,20868
0.01,1736,10,0.2955286539349638,0.679,3.2293723856654486,21736
0.01,0,10,0.32232255487791844,0.67,1.3939535174016517,20000
0.01,1302,10,0.3293000162492877,0.679,5.018897118693669,21302
0.01,2170,10,0.29419626217052103,0.68,3.709669056506423,22170
0.0001,0,10,0.32232255487791844,0.67,1.3939535174016517,20000
0.0001,868,10,0.3429796228703466,0.642,7.04020555214584,20868
0.01,2604,10,0.3058043961846409,0.706,2.4199882500250363,22604
0.0001,1302,10,0.31505141198081155,0.668,2.022811617728706,21302
0.01,3472,10,0.3144858759130919,0.697,2.5962897853626243,23472
0.01,3038,10,0.2982958511659938,0.644,1.0896434960880177,23038
0.0001,1736,10,0.3089890985286756,0.674,5.175190274995146,21736
0.01,3906,10,0.3328859675179086,0.697,3.1488322105797266,23906
0.01,4774,10,0.31050799121309636,0.666,2.2571170788414228,24774
0.0001,434,10,0.30173929170844005,0.66,3.860175472622897,20434
0.0001,2170,10,0.28544448421165214,0.686,3.157884821180297,22170
0.01,4340,10,0.3342682499709422,0.678,2.5239103736825057,24340
0.01,5208,10,0.3104354220505945,0.708,2.104241502851242,25208
0.0001,3038,10,0.29917338999544496,0.686,3.5997254132295646,23038
0.0001,2604,10,0.3407094012160372,0.68,5.334847365184532,22604
0.0001,3472,10,0.30438338312166446,0.694,1.1166113187611608,23472
0.0001,3906,10,0.32542141281696696,0.693,3.1634941880652434,23906
0.01,6510,10,0.3108731885806399,0.701,2.539217584316151,26510
0.01,6076,10,0.30971054372279616,0.65,3.049757838045057,26076
0.0001,4774,10,0.3283383366659523,0.703,2.818973466977963,24774
0.01,6944,10,0.3102595963122178,0.688,2.68940868269264,26944
0.0001,4340,10,0.3076836406130207,0.715,4.252383481647227,24340
0.01,7378,10,0.3140722337089333,0.67,1.8424912714091555,27378
0.01,7812,10,0.2912655023700808,0.678,1.3207971132457998,27812
0.0001,5642,10,0.3160383060839398,0.712,4.596274057077873,25642
0.01,5642,10,0.3118720703428434,0.67,3.0044695733959967,25642
0.0001,5208,10,0.30919235873517953,0.723,1.1216799587591284,25208
0.01,8246,10,0.277283084534965,0.709,36.10342300861881,28246
0.01,8680,10,0.30562202183230863,0.718,1.3450415425547981,28680
0.01,9982,10,0.2590040565533666,0.726,1.0512726502882956,29982
0.01,9548,10,0.2957331787115178,0.702,1.6053378312762578,29548
0.01,9114,10,0.2899172447514198,0.717,1.2908178176024578,29114
-0.01,0,10,0.32232255487791844,0.67,1.3939535174016517,20000
-0.01,434,10,0.31451673104001754,0.684,1.5367470353164174,20434
-0.01,868,10,0.3173915565136331,0.667,1.9987053596417022,20868
-0.01,1302,10,0.2977475995814464,0.66,1.364010736675589,21302
0.0001,6076,10,0.29994627234031135,0.66,1.542407711988872,26076
-0.01,1736,10,0.32542437447517036,0.708,2.5961445253042528,21736
-0.01,2170,10,0.297239245336815,0.723,2.4953761226644713,22170
0.0001,7378,10,0.2911570889807746,0.69,0.8253277542896484,27378
-0.01,2604,10,0.2891816171015629,0.687,2.1957712088185812,22604
0.0001,7812,10,0.2743045253869817,0.696,0.7780454770406685,27812
-0.01,3038,10,0.31015610475840116,0.705,1.675950890410927,23038
0.0001,6510,10,0.3127653482799357,0.682,0.8145291332894709,26510
-0.1,434,10,0.30782053932111475,0.675,1.5163782273949737,20434
0.0001,6944,10,0.2973758427801099,0.684,1.439983849976523,26944
-0.01,3472,10,0.29558786578748475,0.673,1.2880967902725726,23472
0.0001,8246,10,0.2823067678501817,0.713,1.9418870134672512,28246
-0.01,3906,10,0.3058879581018418,0.67,3.2490881749357414,23906
-0.1,868,10,0.33531577609072416,0.687,1.830733520685453,20868
0.0001,8680,10,0.3000770237839625,0.709,3.0882629101568817,28680
-0.01,4340,10,0.2925880417244546,0.708,4.333265016811936,24340
-0.1,1302,10,0.3177471494718871,0.68,1.4220484752059435,21302
-0.1,0,10,0.32232255487791844,0.67,1.3939535174016517,20000
0.0001,9548,10,0.30761571827054085,0.691,2.837622264486603,29548
-0.01,6076,10,0.2819878153148422,0.712,3.6559096393711457,26076
-0.01,5208,10,0.2795099378215847,0.727,1.1972577753782105,25208
-0.01,4774,10,0.2719781653337194,0.733,0.7364920741775925,24774
0.0001,9982,10,0.3004915346856381,0.702,4.107283588677008,29982
0.0001,9114,10,0.3070440231250766,0.708,2.292076744016057,29114
-0.01,5642,10,0.2898486160181771,0.736,0.6458257791959848,25642
-0.01,6510,10,0.31301825574802306,0.696,4.422988207868426,26510
-0.01,6944,10,0.3057878923132376,0.692,1.1994894519727028,26944
-0.01,7378,10,0.29434260213101343,0.691,0.6739151362306661,27378
-0.01,7812,10,0.30793510029890087,0.707,1.7327833199288718,27812
-0.01,8246,10,0.2926645006210545,0.683,1.3538787867429127,28246
-0.01,8680,10,0.2976651181967027,0.702,1.5126125045541448,28680
-0.01,9114,10,0.3064091105639336,0.729,2.5398437228372472,29114
-0.01,9548,10,0.29322923809734724,0.737,1.327253502589919,29548
-0.01,9982,10,0.30062359192792243,0.73,1.4152603339993608,29982
-0.1,1736,10,0.3094211887763313,0.669,1.2094293961232068,21736
-0.1,2170,10,0.3061572677199865,0.671,1.6462522894710807,22170
-0.1,2604,10,0.3291606156511317,0.691,1.2493601533704535,22604
-0.1,3038,10,0.3276929510323414,0.668,1.7538122011226005,23038
-0.1,3472,10,0.3216026721885716,0.677,1.3389248459686085,23472
-0.1,3906,10,0.3194449410095366,0.68,1.2531774919671586,23906
-0.1,4340,10,0.32691363554054176,0.663,1.9294835640543087,24340
-0.1,4774,10,0.3342154742723148,0.67,1.5759152296953767,24774
-0.1,5642,10,0.3173661754397238,0.678,1.5757553418941461,25642
-0.1,5208,10,0.31646899003064477,0.674,1.5500829768242934,25208
-0.1,6076,10,0.3143548784032379,0.671,1.5455121264075857,26076
-0.1,6944,10,0.32591331320944017,0.671,1.8231184359682544,26944
-0.1,6510,10,0.32221361924563413,0.668,1.419612186193813,26510
-0.1,7812,10,0.32959555810501906,0.675,1.3473292197497684,27812
-0.1,8680,10,0.32695332498556623,0.664,1.5244007894750518,28680
-0.1,8246,10,0.32996703807659733,0.675,1.3533993056156013,28246
0.0,0,10,0.3242923902863409,0.686,3.282775484179788,21302
-0.1,9114,10,0.32412939731254525,0.658,3.497912649242299,29114
-0.1,7378,10,0.3264595216947869,0.683,1.516488807192844,27378
0.0,0,10,0.3067238414681451,0.687,2.675014711495113,21736
0.0,0,10,0.3093226672077252,0.69,1.1017420654006427,22604
0.0,0,10,0.28720212748285273,0.636,0.81801651422086,22170
0.0,0,10,0.32232255487791844,0.67,1.3939535174016517,20000
0.0,0,10,0.31018437990025716,0.675,2.116171620065983,23038
0.0,0,10,0.31328246458908526,0.66,3.3315719396239314,20434
0.0,0,10,0.31208296602188795,0.67,3.9135663271889314,20868
0.0,0,10,0.2714347369672057,0.645,0.9334608872618358,23472
0.0,0,10,0.29032872240543284,0.618,2.1289302618470014,23906
0.0,0,10,0.2762466413461278,0.644,3.4476359700651407,24340
0.0,0,10,0.2851618926368163,0.661,1.5660874116127625,24774
0.0,0,10,0.2808490437847969,0.659,3.020258298691807,26944
0.0,0,10,0.25679883201975917,0.628,1.0765425928502446,25208
0.0,0,10,0.2570901883089512,0.621,0.8943110457960601,25642
0.0,0,10,0.2705735858324765,0.664,1.4754026871295116,26076
0.0,0,10,0.2861673434675966,0.695,0.7427852099935728,26510
0.0,0,10,0.32664955227389764,0.691,6.059112288182163,27378
0.0,0,10,0.314576764316266,0.724,3.0870685398916002,27812
0.0,0,10,0.2850068154347038,0.708,1.380612381009476,29114
0.0,0,10,0.28854675067137114,0.723,1.6161524393754871,28246
0.0,0,10,0.28791918133400984,0.737,2.4353405123012406,28680
0.0,0,10,0.29802764210518634,0.662,2.891877128563205,29548
0.0,0,10,0.295646874871402,0.681,0.8956696899371602,29982
-0.1,9548,10,0.329187016143264,0.659,1.4050081439985334,29548
0.01,868,10,0.3207489508769482,0.757,4.811923856666611,20868
0.01,434,10,0.3358232334733569,0.746,1.5739520230832342,20434
0.01,1736,10,0.31327291544482583,0.772,5.8353803937910556,21736
0.01,1302,10,0.34004886360526054,0.759,7.43637023532483,21302
0.01,0,10,0.31256585066798553,0.755,1.8012348600456742,20000
0.01,2170,10,0.32046902072531447,0.758,5.985602018262294,22170
0.0001,0,10,0.31256585066798553,0.755,1.8012348600456742,20000
0.0001,1302,10,0.30230392784592797,0.764,2.1677065046699995,21302
0.0001,868,10,0.34110558124477763,0.734,9.106310999917612,20868
0.01,2604,10,0.29356307418637484,0.776,2.6957748617430783,22604
0.0001,434,10,0.32935318116569445,0.747,23.688125580749855,20434
0.0001,1736,10,0.3133864637316769,0.787,4.92896318512392,21736
0.01,3472,10,0.3388261519576755,0.791,2.9736365243254768,23472
0.01,3906,10,0.34275701955788906,0.787,7.447621841957726,23906
0.0001,2170,10,0.31590371887014773,0.775,4.734890214148904,22170
0.01,3038,10,0.2970298640718015,0.752,1.5474751726006188,23038
0.01,4340,10,0.3310683712331463,0.777,4.6172684251026075,24340
0.0001,2604,10,0.30407372253994025,0.775,4.362089732188994,22604
-0.1,9982,10,0.30922806765461053,0.664,1.6560899121864066,29982
0.01,5208,10,0.31834618993549113,0.789,2.7572870019716094,25208
0.0001,3038,10,0.2915146925733242,0.79,2.9739626172474356,23038
0.0001,3472,10,0.32674949422881866,0.773,5.002039996843239,23472
0.01,6076,10,0.3071694650921841,0.769,2.409857392446232,26076
0.0001,3906,10,0.29641818800972275,0.797,1.8260777525621157,23906
0.01,6510,10,0.3262147033217334,0.777,3.1901750134787212,26510
0.0001,4340,10,0.2850791747479444,0.816,2.291220141754977,24340
0.01,4774,10,0.3084541463147317,0.778,2.497745772107626,24774
0.01,5642,10,0.3236017912314183,0.768,3.6852150845021674,25642
0.01,7378,10,0.3219494838285114,0.783,2.1973371373558037,27378
0.01,6944,10,0.3254207046189441,0.782,2.1450714225689937,26944
0.01,7812,10,0.2944203492324005,0.791,1.7995017288903994,27812
0.0001,4774,10,0.30271125348460176,0.799,2.618934517819864,24774
0.01,8246,10,0.2941026922683531,0.813,2.626664917624745,28246
0.01,8680,10,0.29050582489791915,0.809,1.674229361785818,28680
0.01,9982,10,0.26362172269180506,0.828,1.3963021125479103,29982
0.01,9548,10,0.2651703539735884,0.81,2.4325869538471783,29548
0.01,9114,10,0.2990917464170406,0.812,2.209979418815324,29114
0.0001,5208,10,0.3079474846739636,0.816,2.4264311353213457,25208
-0.01,434,10,0.3153490391128838,0.756,3.3871035884111707,20434
-0.01,1302,10,0.30034706716885606,0.744,3.3055222793329846,21302
-0.01,868,10,0.3156834909671715,0.722,5.077604971097073,20868
-0.01,0,10,0.31256585066798553,0.755,1.8012348600456742,20000
-0.01,2604,10,0.319383877334905,0.782,4.687058695338254,22604
-0.01,1736,10,0.291684527505776,0.775,3.318527738660965,21736
0.0001,7812,10,0.26440047644253895,0.8,1.0171994322084001,27812
0.0001,6510,10,0.29487130229098313,0.791,1.518541517208797,26510
0.0001,6944,10,0.2819907574376743,0.78,1.2336401454015584,26944
-0.01,2170,10,0.2932887599189791,0.785,1.9138149540346667,22170
0.0001,8246,10,0.25262875848358557,0.816,3.644080159068529,28246
0.0001,9548,10,0.2930153716482268,0.813,3.6655275025100575,29548
-0.01,3038,10,0.27013575299497067,0.791,1.4612043192159179,23038
0.0001,7378,10,0.295668999599623,0.786,2.7284052521059508,27378
-0.01,3906,10,0.29595823820747846,0.781,3.1126177880363537,23906
-0.01,4340,10,0.30825629089238854,0.793,6.6603762115364695,24340
-0.01,3472,10,0.3052741421791915,0.767,2.118166930690534,23472
0.0001,8680,10,0.27369896050314013,0.79,4.1063381220274,28680
0.0001,5642,10,0.31082770227750633,0.775,4.172232464011139,25642
-0.1,434,10,0.3364607251020352,0.755,2.1661491655457175,20434
0.0001,9114,10,0.30236133625744593,0.8,3.5291075500315867,29114
-0.01,4774,10,0.290298673511707,0.801,1.2024608414334634,24774
-0.01,5208,10,0.26461649255023734,0.788,1.3341432589250586,25208
0.0001,6076,10,0.2852559178089427,0.786,2.200058954045645,26076
0.0001,9982,10,0.3036452163998441,0.794,3.2064269064781343,29982
-0.1,0,10,0.31256585066798553,0.755,1.8012348600456742,20000
-0.01,6076,10,0.2612261969323339,0.799,5.011778023439122,26076
-0.01,5642,10,0.26860424575111846,0.808,1.7650144235915317,25642
-0.01,6510,10,0.29616454103283346,0.803,6.44571186746567,26510
-0.01,8246,10,0.27239308946593205,0.783,0.9154080779652204,28246
-0.01,7378,10,0.2910034502723519,0.771,0.6677939236229724,27378
-0.01,6944,10,0.2968713663491205,0.782,1.0369397065974881,26944
-0.01,8680,10,0.2795558151986754,0.786,1.005185693034525,28680
-0.01,9114,10,0.2704766362531812,0.802,1.1391483937128801,29114
-0.01,9548,10,0.2736661860944575,0.832,0.5817163500041702,29548
-0.01,7812,10,0.2861148822720226,0.796,1.8209544710754357,27812
-0.01,9982,10,0.26170565416672453,0.809,1.038374087889398,29982
-0.1,868,10,0.32983368486229003,0.759,2.186994952996633,20868
-0.1,1302,10,0.31257249387344876,0.756,1.7020229419428907,21302
-0.1,1736,10,0.3044187733003384,0.753,1.6796109228929528,21736
-0.1,2170,10,0.31158233930361134,0.746,1.9269826528581402,22170
-0.1,2604,10,0.3147534100317699,0.767,2.0602895958506324,22604
-0.1,3038,10,0.31052050340656573,0.756,2.305966428721486,23038
-0.1,3472,10,0.31149504549836454,0.755,1.3720623086151076,23472
-0.1,6944,10,0.3159019174172238,0.755,1.8339510284172222,26944
-0.1,3906,10,0.3136114702280062,0.751,2.207373197583056,23906
-0.1,4340,10,0.30741760912199234,0.756,1.4560251262570763,24340
-0.1,4774,10,0.31171750571526713,0.765,1.7376616038850448,24774
-0.1,5208,10,0.3084583172368395,0.754,1.4647603948398193,25208
-0.1,5642,10,0.3270266330412104,0.776,1.7281400561919633,25642
-0.1,6076,10,0.29986388921793555,0.752,1.753409495342372,26076
-0.1,9114,10,0.327607968548051,0.757,2.350874583445814,29114
-0.1,6510,10,0.3061632324819737,0.767,1.398052563852655,26510
0.0,0,10,0.31256585066798553,0.755,1.8012348600456742,20000
-0.1,7378,10,0.3215362669013385,0.763,1.890621885572185,27378
-0.1,7812,10,0.31369587972559637,0.77,1.5906627086924632,27812
0.0,0,10,0.3218362107624985,0.766,4.564695334924985,20434
-0.1,8246,10,0.33579275318658036,0.752,1.6985990185572362,28246
0.0,0,10,0.317387814255094,0.781,3.5820206986350036,21302
0.0,0,10,0.28184014276970415,0.756,1.0296872704090625,20868
-0.1,9548,10,0.3380478067854204,0.729,1.8111907024538048,29548
-0.1,9982,10,0.28680135329510137,0.747,1.5008299870832844,29982
0.0,0,10,0.3130011577844555,0.784,3.6534896072577996,21736
-0.1,8680,10,0.32911571770564824,0.763,2.0375921485359516,28680
0.0,0,10,0.26437429598562723,0.74,1.5950513646482352,22170
0.0,0,10,0.30764239082850375,0.791,6.350246743632411,22604
0.0,0,10,0.2981822597236795,0.755,2.8627279126858887,23038
0.0,0,10,0.28174010892349305,0.743,1.4646975915742504,23472
0.0,0,10,0.2759661543125151,0.745,2.3234614956645885,24774
0.0,0,10,0.29562783881246896,0.746,8.99743545973227,23906
0.0,0,10,0.2723534729634078,0.735,1.3659776181358692,24340
0.0,0,10,0.24337778351829817,0.742,1.6078766813836876,25642
0.0,0,10,0.23533010041835817,0.747,1.0577656205148274,25208
0.0,0,10,0.30068090787669854,0.788,2.060673378226311,26510
0.0,0,10,0.2924797600758413,0.751,2.613041605778718,26944
0.0,0,10,0.2726894725793753,0.772,2.0897531326075742,26076
0.0,0,10,0.3065441614419904,0.798,4.061894191886378,27378
0.0,0,10,0.25147174444834486,0.816,2.152672382543126,28246
0.0,0,10,0.31551704212153775,0.817,5.090143207812893,27812
0.0,0,10,0.2863620477788288,0.795,2.835832979758703,28680
0.0,0,10,0.28582359374365324,0.755,3.717191868210825,29548
0.0,0,10,0.28335775855222717,0.81,0.826055020928216,29114
0.0,0,10,0.2906222225806791,0.787,1.0314762840075122,29982
0.01,434,10,0.32911960483546243,0.742,1.5823472874851452,20434
0.01,868,10,0.33901866810406517,0.762,5.189186563595073,20868
0.01,1736,10,0.32377781206014833,0.758,9.181880907039712,21736
0.01,1302,10,0.3467467362276672,0.772,7.778422084313891,21302
0.01,2170,10,0.3192512520331686,0.766,8.639500272201532,22170
0.01,0,10,0.2887653550253215,0.75,1.3508122128957305,20000
0.0001,868,10,0.32938136249669575,0.774,12.122951409306076,20868
0.0001,1302,10,0.3272387971691081,0.782,2.053719343026067,21302
0.0001,0,10,0.2887653550253215,0.75,1.3508122128957305,20000
0.01,2604,10,0.3200809190720245,0.772,2.7142416323648586,22604
0.0001,1736,10,0.31695120880873157,0.805,6.376628760566462,21736
0.01,3038,10,0.32692503180694393,0.775,2.5125328807964387,23038
0.01,3472,10,0.35317243458767716,0.804,5.254362758461262,23472
0.0001,434,10,0.32939601063810287,0.766,1.4131548320889837,20434
0.0001,2170,10,0.3402833334992581,0.802,5.616911755367549,22170
0.01,4774,10,0.34055079972396385,0.776,3.2025366148425314,24774
0.0001,2604,10,0.3097015703513099,0.787,4.095320065105966,22604
0.0001,3038,10,0.3010250862914949,0.818,4.502164167498733,23038
0.01,4340,10,0.35803189932710644,0.791,6.0099247435250875,24340
0.01,3906,10,0.38696264751470216,0.81,9.569688049633323,23906
0.01,5208,10,0.32334585398911986,0.81,3.8545525583426143,25208
0.0001,3472,10,0.33203922770930466,0.791,5.215447709468378,23472
0.0001,3906,10,0.308232543315184,0.808,1.717155179811544,23906
0.0001,4340,10,0.296497208229441,0.82,4.413455258463541,24340
0.01,6076,10,0.34079203144215947,0.793,3.2044471077657724,26076
0.01,6510,10,0.33881403037266844,0.781,5.039518310657319,26510
0.0001,4774,10,0.29825758631335875,0.814,2.867608516657379,24774
0.0001,5642,10,0.3191884966441011,0.821,6.659384935194757,25642
0.01,6944,10,0.3272975218640879,0.809,3.2090332343391035,26944
0.01,7378,10,0.3410885765878513,0.808,3.8472480411135295,27378
0.0001,5208,10,0.3204075660227854,0.85,4.061062160582826,25208
0.01,7812,10,0.2990998900943928,0.822,2.628740076551612,27812
0.01,8246,10,0.3346713807301676,0.821,2.9016477348365486,28246
0.01,5642,10,0.3269279661496925,0.82,4.263512551852303,25642
0.01,8680,10,0.3322183276304447,0.847,1.6362016301368107,28680
0.01,9982,10,0.31108620104443874,0.858,4.792915558537975,29982
0.01,9548,10,0.2909835123972851,0.821,4.4518218411515615,29548
0.01,9114,10,0.3181024695244706,0.843,2.822766001959097,29114
