0.021361186908285815,0.09866666666666667,0.03559734038932425,28.095929171864334
0.019158873197787103,0.10333333333333333,0.032114339449121336,28.014536831897402
0.031149834309553398,0.08733333333333333,0.04367794303498613,27.918069525913555
0.02818767661040711,0.08933333333333333,0.03170176345793033,28.091130240378927
0.03077673038416051,0.114,0.04535719701593428,28.123559858626244
0.023430704105559953,0.09133333333333334,0.03435574791774858,27.963755032702455
0.021857165894351865,0.09133333333333334,0.041026847575224186,27.976721099123257
0.017968875958453576,0.094,0.032110991474050374,28.040657860788066
0.024641856347065786,0.1,0.04388743468865448,27.981661815806632
0.02331350060396113,0.10333333333333333,0.03602728053814041,28.00063565478652
0.04181008298020291,0.09,0.06283212666891731,27.86162085492286
0.0340683149647395,0.09,0.04381252840074419,27.98989510556621
0.02341781076403226,0.08333333333333333,0.03585616022148938,27.990057013364755
0.026525156240725416,0.10466666666666667,0.040478932818029584,27.97781033342863
0.02587855779491901,0.09733333333333333,0.04386937248501364,28.013236133819106
0.02701367435599789,0.09,0.035132771184840705,28.01258134653839
0.03276653742269521,0.09,0.046876610710143575,27.986120198839856
0.05475042008489209,0.134,0.07538805024097915,28.10504207615325
0.03134871158699828,0.10733333333333334,0.04905086082956824,27.943440750428195
0.0250527545423884,0.12666666666666668,0.037581132652922206,27.99597596637478
0.02001213618400319,0.08933333333333333,0.03305961801461364,28.06666221505533
0.021507546560779883,0.11666666666666667,0.03505199094698442,28.025396302493064
0.02102805720452683,0.10466666666666667,0.032364606231561024,28.000507721681313
0.021027747798106577,0.08933333333333333,0.03743688576623324,27.944523638022993
0.02812194394424524,0.09333333333333334,0.03936240122911413,28.08402881393446
0.02702902852982036,0.09333333333333334,0.033181104914665784,28.095491506386132
0.02436366122878857,0.08466666666666667,0.04092160061346924,27.903599816222087
0.02546873259455715,0.08466666666666667,0.04486611965342571,27.93434525245113
0.02320021548338323,0.088,0.04008972624696079,27.940204870745234
0.025309603293349567,0.09533333333333334,0.03744114571909214,27.996330465062428
0.024817152447498148,0.094,0.045031571831254336,28.064094047717504
0.032365170634529684,0.07666666666666666,0.03863723510909412,28.1318562215814
0.024716665667016496,0.09466666666666666,0.03444752481440502,28.060313400698984
0.0326676685487481,0.08733333333333333,0.04923884456921182,28.049609901773223
0.022666254037899597,0.11466666666666667,0.04001200114791492,28.00057770510759
0.02635725219018196,0.09133333333333334,0.044695349970685215,27.984369151409023
0.035539496871688225,0.096,0.04322680840058352,28.00394783731485
0.0203792509016975,0.09866666666666667,0.03681792647110118,28.008676617413165
0.026182585926464233,0.084,0.03879882913361958,27.917360626583296
0.022317236993252578,0.09666666666666666,0.03474653979261185,28.117440799292964
0.021463909233888318,0.096,0.039877196415283395,27.97175856308326
0.03615181295386981,0.08533333333333333,0.0489857705064552,27.891332620981082
0.026218044416549444,0.08333333333333333,0.03447433784548918,28.019577387329786
0.017490581190774183,0.10066666666666667,0.03470303778405776,27.939692413124504
0.057676774885456306,0.09,0.0796921703321406,27.98477490605967
0.028565692632052088,0.08,0.04507005295536522,27.916572993304904
0.02892570606543866,0.10066666666666667,0.04033686499222113,28.027542471923727
0.034212945988471376,0.11066666666666666,0.04962240199324581,27.95673215001979
0.022912668736189225,0.078,0.03875562151323258,27.93067204555266
0.026404633097113238,0.10333333333333333,0.04466280413464186,28.008800712344662
0.02588472833051169,0.11133333333333334,0.03865903511017412,28.086609957879126
0.02244225145924986,0.10266666666666667,0.03052099924494306,28.104689172246108
0.05417128828177178,0.10533333333333333,0.07756569298399017,28.105444386563747
0.01779292854720804,0.09266666666666666,0.03017634221251418,28.064837318821624
0.024276346062336127,0.10066666666666667,0.04659643032425126,27.853904091698553
0.03347799350197934,0.13,0.05178650811547662,28.043474544168934
0.03366878894582898,0.10466666666666667,0.052196325567721524,27.988119736284297
0.02437578315792208,0.08,0.035316253616361176,28.04654070204203
0.029581591631686114,0.1,0.04478497945619859,27.963273975480924
0.026543043173240074,0.08533333333333333,0.03956297929595358,28.012407731642014
0.023297805742764976,0.10333333333333333,0.03430498395494562,28.036707981451137
0.023657508452185554,0.08533333333333333,0.040940525971754904,27.902887472736015
0.02826455145288765,0.076,0.0410438977451796,28.046123997342175
0.03823212696770844,0.09733333333333333,0.05779003289990525,28.06808439566011
0.03378533887530009,0.08066666666666666,0.05024074028168932,27.914070936198183
0.02806489262796738,0.09933333333333333,0.043800323751024495,27.912746573565553
0.0230451918987809,0.09933333333333333,0.03805145935264702,28.036524541804106
0.03266703134510782,0.08466666666666667,0.05175497048775071,27.987694161602807
0.021254447433410574,0.08666666666666667,0.035032914542034506,28.023347573161185
0.01674422942630507,0.094,0.03066357754791801,28.029873796134865
0.030831854863229174,0.08266666666666667,0.04975093026653277,28.070429510730992
0.03383018958985691,0.126,0.048243707782578665,27.976603734937402
0.018141481086902684,0.10533333333333333,0.02910089146801071,28.1363622247418
0.01896655867767835,0.10666666666666667,0.03203635170234149,27.998885707078458
0.03902497020192943,0.104,0.056483096560146384,27.96730234018871
0.031575281607992126,0.11066666666666666,0.03275227393291928,28.140439887329737
0.020251651713668276,0.104,0.03574237485103456,28.009122492716266
0.01746035175551677,0.088,0.028955326267172943,28.139231660584034
0.016039678237678948,0.10333333333333333,0.029311285039020484,28.100412989302754
0.01845454455202191,0.07866666666666666,0.0312576928389048,28.059738681052565
0.025319337306043552,0.092,0.0371703213786355,27.969071450447146
0.02171546763776211,0.10066666666666667,0.037886224413407193,28.00178515677563
0.04708963039237705,0.12666666666666668,0.07266996043254495,27.886879293560057
0.039036121061778284,0.084,0.05300802892435876,27.958438937855828
0.040287010895041164,0.094,0.05444988345530964,27.9631906506822
0.030118133034542357,0.08933333333333333,0.04819197314662736,27.938087280379975
0.02748913537673063,0.07533333333333334,0.039862963775040006,27.972214704892263
0.02107030265226929,0.09133333333333334,0.02924053236565954,28.128103304155022
0.021755886334946174,0.09266666666666666,0.03306792412786352,27.99287168245923
0.026150082627114175,0.09533333333333334,0.03863315587784395,27.99934073292578
0.018301269684491896,0.08933333333333333,0.030998898683113545,28.071965558092334
0.033115785082049674,0.07666666666666666,0.043651821611938965,28.08657007969408
0.01850588260409273,0.10066666666666667,0.03127915017904901,28.014495474907257
0.02953860207927884,0.07133333333333333,0.039941211395467316,27.989317335652107
0.05191093251086956,0.132,0.08154789925034896,27.880869867661616
0.023317901181335712,0.092,0.03748663770685694,27.99476057375635
