0.011888246664081748,0.065,0.020054383872472378,0
0.01615602574262819,0.08766666666666667,0.031767203845048234,1
0.020465338186188377,0.119,0.035024093507910435,2
0.022251479955085675,0.14966666666666667,0.037927197337289754,3
0.026375199612756726,0.16466666666666666,0.04233292959797138,4
0.028299675108877678,0.178,0.04541427840930668,5
0.031055672362228906,0.19566666666666666,0.047429659609379234,6
0.0321968292499128,0.20566666666666666,0.04953717898291866,7
0.033130740596079886,0.22733333333333333,0.05262263931480196,8
0.03506392534638154,0.25266666666666665,0.057881023628566224,9
0.0364436529796514,0.278,0.061930714308653274,10
0.036117997316083346,0.30733333333333335,0.06264443142438902,11
0.04180993013884112,0.3373333333333333,0.06596772943989483,12
0.04095506525660876,0.3556666666666667,0.07099316875476028,13
0.04394493486772484,0.38166666666666665,0.07913475307033786,14
0.04876900853071954,0.41233333333333333,0.08664165382931423,15
0.049816835026319076,0.429,0.09158686316181139,16
0.052911466420348295,0.4663333333333333,0.09734875870067336,17
0.05698645236730118,0.5003333333333333,0.10054984841158161,18
0.06184109215055583,0.527,0.10708711115256263,19
0.06938361429658421,0.5556666666666666,0.11513356455615747,20
0.07979547487107554,0.5756666666666667,0.13047554126082517,21
0.0859361306773022,0.583,0.1443796982667408,22
0.10319593723004264,0.608,0.15615810949163053,23
0.10968046042888074,0.625,0.16302146369130796,24
0.11446296011709313,0.636,0.176616391086922,25
0.12189617447797031,0.6583333333333333,0.1841549004756229,26
0.13396122755543247,0.6743333333333333,0.2088963529001986,27
0.13750497293856231,0.6763333333333333,0.21712344742745754,28
0.14636929335384705,0.6723333333333333,0.23867981000773997,29
0.14804026501712353,0.6726666666666666,0.2535886386685034,30
0.16209697009687082,0.6716666666666666,0.2646844155776717,31
0.15763127977207717,0.6816666666666666,0.26169626851909816,32
0.15623048134185752,0.688,0.23365515949298846,33
0.1590171904118732,0.695,0.24080410990300594,34
0.15605436015520605,0.7056666666666667,0.23422395334596943,35
0.15714371420311016,0.6986666666666667,0.23801827453964008,36
0.16301390231582355,0.7013333333333334,0.2542111923425308,37
0.16046536367560493,0.6953333333333334,0.26024051674410587,38
0.16062583042671988,0.689,0.26253612720529207,39
0.1538509324775374,0.6893333333333334,0.2592528342511958,40
0.1576475242031711,0.704,0.25857369881101167,41
0.16273046158255425,0.712,0.27102299301996086,42
0.16558982440094744,0.7133333333333334,0.26839566514634816,43
0.165361099385507,0.7106666666666667,0.2538366977115028,44
0.16760275160588262,0.7113333333333334,0.25344839203522973,45
0.16579183735646644,0.708,0.2515136674172255,46
0.15864617612733234,0.71,0.23639502289164308,47
0.16444152648788668,0.7173333333333334,0.2611684086373952,48
0.16626811507138428,0.726,0.2820037972964924,49
0.17176500999331967,0.7326666666666667,0.2997523747301216,50
0.17501037979711512,0.7303333333333333,0.27308281929985573,51
0.17510715753508221,0.7263333333333334,0.3081216576060066,52
0.1777016047837463,0.7233333333333334,0.31947960888832755,53
0.17682882199271266,0.7193333333333334,0.32810942681187116,54
0.17963587201095796,0.7293333333333333,0.3319863044862384,55
0.17267765900076992,0.734,0.3238804518769751,56
0.17294819973150405,0.749,0.34123860938324685,57
0.17135637115138017,0.749,0.3314059366809291,58
0.17476108990287514,0.7403333333333333,0.33919446330760233,59
0.16957154617634837,0.7316666666666667,0.32132443224113416,60
0.17297067610198885,0.7283333333333334,0.33115542997447234,61
0.16931645922665003,0.73,0.3371587039079068,62
0.16227972182056247,0.7306666666666667,0.3299010448712239,63
0.1635729835302607,0.7383333333333333,0.33420028779228206,64
0.168964877786777,0.7546666666666667,0.35065322272035643,65
0.1661107692593858,0.7506666666666667,0.35335334449093625,66
0.16388623335521935,0.75,0.33865531594908543,67
0.16292683056151513,0.7446666666666667,0.3196358601705115,68
0.15996241489852286,0.7506666666666667,0.3150760499457042,69
0.1579844351229073,0.7513333333333333,0.30275638409765093,70
0.16299387677305135,0.766,0.34176434722933724,71
0.1608913337529405,0.7676666666666667,0.290897857195543,72
0.1638082413674471,0.776,0.3340775045229543,73
0.17244009862676388,0.765,0.3221484657033877,74
0.16557559467721403,0.7623333333333333,0.3148998843501222,75
0.1711430550663241,0.7606666666666667,0.31273450149221294,76
0.17808142202975197,0.7653333333333333,0.3230807242829603,77
0.1843268410038416,0.7656666666666667,0.3421479652964257,78
0.17909340131719356,0.7803333333333333,0.311859152059698,79
0.17908164840356394,0.788,0.32213833856413965,80
0.1828056038542832,0.785,0.3548438895585995,81
0.17810040674013308,0.783,0.3711252491412557,82
0.1833419527974784,0.773,0.3733767415545126,83
0.17302985447374067,0.773,0.34228975774255976,84
0.1744028442912215,0.773,0.3530146593308013,85
0.17273009735468894,0.7816666666666666,0.3555441531789852,86
0.17559709580048874,0.7933333333333333,0.3654805648808953,87
0.1869745388105899,0.7986666666666666,0.4025308319009688,88
0.1815618100676506,0.795,0.39497890685046394,89
0.18105263143996347,0.7866666666666666,0.39934365298935737,90
0.1799045957871329,0.7826666666666666,0.3990654375387157,91
0.17484510341854795,0.7766666666666666,0.3742259163583791,92
0.16986813410203777,0.7886666666666666,0.3652453483714722,93
0.17776462736374896,0.8026666666666666,0.3557265953247845,94
0.1824684522413208,0.8036666666666666,0.36896623784428895,95
0.18552949216378684,0.793,0.3749224420215599,96
0.18065731678074798,0.7943333333333333,0.37368713261107567,97
0.17268008436577373,0.787,0.36084890285506344,98
0.17486847011815293,0.7866666666666666,0.33942235258975567,99
0.17411918085492734,0.794,0.36428128203465077,100
0.17438870320203634,0.8063333333333333,0.4145306135400161,101
0.18548166818469064,0.8163333333333334,0.4559777666159258,102
0.19767813647000745,0.8183333333333334,0.4584957284676734,103
0.19635039014032454,0.8156666666666667,0.4635646164688323,104
0.19628289995508996,0.801,0.47327434601935775,105
0.19270681167083692,0.796,0.4150021283239787,106
0.19347882301770838,0.808,0.3947445696526812,107
0.17711814158974235,0.8146666666666667,0.3697684475113602,108
0.18280360964887282,0.8193333333333334,0.3801017789063128,109
0.1854355129829442,0.826,0.37458971024732757,110
0.18633019790255312,0.8216666666666667,0.38529483482007454,111
0.18925787713149644,0.818,0.3867755098673494,112
0.1883554410630819,0.808,0.36114300173215375,113
0.19304226550190942,0.8033333333333333,0.38536166922755655,114
0.1912574390143914,0.8026666666666666,0.35946904879272074,115
0.1964797055396155,0.8093333333333333,0.3871174278432786,116
0.19848329421825445,0.821,0.38494673871088236,117
0.1956406542428293,0.8296666666666667,0.38491477297545135,118
0.19982654076768328,0.8263333333333334,0.40901233577269225,119
0.19730906042000337,0.819,0.3915025854936919,120
0.19557068100520428,0.81,0.44896156816551924,121
0.1951800985546141,0.8053333333333333,0.43147262942043835,122
0.1884949359926526,0.8143333333333334,0.3844760952903949,123
0.1878453012081106,0.8223333333333334,0.40061698134880275,124
0.18925895152221225,0.8253333333333334,0.4236481845881886,125
0.18822557637158924,0.8276666666666667,0.44554041759771423,126
0.19264290432796255,0.8226666666666667,0.46105870344672534,127
0.19348699445951634,0.8146666666666667,0.42144655084846805,128
0.19978168927355858,0.8106666666666666,0.4480302298286321,129
0.19132451709906811,0.8103333333333333,0.49185298435544905,130
0.1867079313599122,0.8236666666666667,0.47597723435080835,131
0.19104821712937084,0.8313333333333334,0.4813525227271544,132
0.1990751699073331,0.8316666666666667,0.5087575978604881,133
0.19928583255704876,0.832,0.525564863089775,134
0.20367581665552814,0.8323333333333334,0.5782536008562764,135
0.19782202109414757,0.8276666666666667,0.5726977659597854,136
0.207832818122746,0.8296666666666667,0.5444878009569852,137
0.20400800851989642,0.8323333333333334,0.5228471968422241,138
0.1978467723306527,0.8396666666666667,0.5198287081923182,139
0.21000460175630314,0.8476666666666667,0.553178869151276,140
0.21329068024785103,0.8526666666666667,0.5374784924817203,141
0.2128322970113683,0.84,0.518736387979626,142
0.20716986184665925,0.8363333333333334,0.5049920947866039,143
0.20177473931033177,0.8333333333333334,0.47635826830993017,144
0.2082243998921347,0.8333333333333334,0.5247490948975151,145
0.2059878548952729,0.8306666666666667,0.4972469225339337,146
0.20533972201088352,0.833,0.5118027292310569,147
0.2017702662338479,0.8313333333333334,0.4934340391268258,148
0.20560633207981735,0.8253333333333334,0.5073864983774893,149
0.2079520085565789,0.8216666666666667,0.4874351966114805,150
0.20387873408824475,0.8166666666666667,0.5003813129431383,151
0.19157841677240614,0.8226666666666667,0.4451789381174635,152
0.19978901288513345,0.8213333333333334,0.48386361911394693,153
0.20188960101112605,0.834,0.4814126964644886,154
0.20485589816248362,0.839,0.5185119281183855,155
0.20363081948138387,0.84,0.4714033609466462,156
0.20779068861121638,0.8323333333333334,0.5064939971411485,157
0.20401863311442928,0.8263333333333334,0.45388558682196234,158
0.19930607256007607,0.8166666666666667,0.4514584886316918,159
0.19846301948661618,0.8266666666666667,0.43883326162420017,160
0.19211662095029355,0.828,0.42432972358353327,161
0.1888962055360314,0.8293333333333334,0.4205288953370138,162
0.1950459448393761,0.8366666666666667,0.46484435894903675,163
0.19787230146165635,0.838,0.46053264934341415,164
0.19614412581885432,0.838,0.4507551966853628,165
0.19667711621989045,0.8353333333333334,0.46438134506848594,166
0.19122150118091433,0.8393333333333334,0.4455480036458447,167
0.1975065530588916,0.8423333333333334,0.47250517282107724,168
0.19161259298059558,0.857,0.4378650174255138,169
0.19576872271928347,0.859,0.4529343667075879,170
0.2014027843257933,0.8706666666666667,0.4730509453589055,171
0.1989143360845617,0.8666666666666667,0.4537198606168005,172
0.2009554507795159,0.8523333333333334,0.4932944480532508,173
0.19879301977520192,0.842,0.5148671865008312,174
0.1940003089548525,0.846,0.5120505810913952,175
0.1954430652904679,0.852,0.5257785624527319,176
0.20432499472053173,0.856,0.5552620622543009,177
0.2084188554610515,0.8613333333333333,0.5406297531807963,178
0.2059322279371138,0.8663333333333333,0.5476590851555475,179
0.21169265337453114,0.859,0.5490245708878464,180
0.2128442173683969,0.8513333333333334,0.5617822814005144,181
0.20279081579372304,0.854,0.5283819883861719,182
0.195825034143819,0.8576666666666667,0.5281584533311744,183
0.19119020040886034,0.86,0.4930405493334548,184
0.19601179434356156,0.8603333333333333,0.5213742309810728,185
0.2029294884872037,0.8676666666666667,0.5164153037740206,186
0.20372090727016617,0.862,0.5302659914774308,187
0.18831336676894253,0.8566666666666667,0.4927109702591631,188
0.20373233002031552,0.8476666666666667,0.557838829986348,189
0.1989616449313424,0.8476666666666667,0.5183134978603372,190
0.2007311873696127,0.8596666666666667,0.5099236299479507,191
0.20333742275432676,0.8603333333333333,0.5059758325346096,192
0.2006942309247605,0.8583333333333333,0.5061895535128397,193
0.2119416580018978,0.8573333333333333,0.5715010877812261,194
0.21094514324670988,0.8496666666666667,0.5271548494357334,195
0.21039973801772158,0.8416666666666667,0.5282536346281325,196
0.21311933185991885,0.8456666666666667,0.5617059826165971,197
0.20858496034940258,0.8463333333333334,0.5363996321508324,198
0.2074573506633518,0.8483333333333334,0.5459310935208004,199